0.10 1.22
3.53 5.02
6.77 7.97
8.35 11.42
12.28 14.24
14.44 15.97
16.55 18.48
19.28 22.88
23.64 24.88
25.28 28.48
28.93 30.71
31.60 34.35
35.95 39.17
39.35 41.17
42.11 44.53
45.40 50.53
51.31 55.04
56.04 58.95
59.84 61.11
61.57 67.68
68.93 70.84
71.26 75.06
75.48 78.80
79.37 81.95
83.57 85.13
85.73 86.88
87.68 89.86
90.24 92.17
92.82 95.08
95.31 97.42
98.44 100.28
101.11 104.91
105.46 107.60
108.02 110.64
112.93 114.44
114.66 117.44
117.82 119.26
119.71 123.11
124.13 125.93
126.08 128.46
129.71 131.24
131.44 134.73
134.82 136.35
136.64 138.26
139.02 140.80
141.00 144.28
144.80 145.97
146.37 148.04
148.57 151.44
151.77 154.77
155.02 157.28
158.28 162.66
162.84 164.55
165.60 166.93
167.31 168.20
168.77 170.20
170.28 174.00
174.77 177.40
178.53 183.68
184.28 185.57
185.86 187.40
189.04 190.55
191.53 196.31
196.66 198.13
198.66 201.40
201.84 204.06
204.55 206.31
206.93 210.48
211.24 213.57
213.86 215.86
217.86 222.15
222.40 224.44
224.48 225.24
225.55 230.17
231.28 232.68
233.06 235.24
235.66 237.13
237.24 239.31
240.06 241.46
241.60 243.28
245.02 249.28
249.55 250.46
250.97 254.37
255.11 259.17
259.66 261.77
262.88 265.42
265.84 266.88
267.13 269.57
270.82 273.24
273.46 274.62
275.22 278.42
278.84 281.53
282.68 286.15
286.46 287.26
287.77 290.13
290.68 293.33
293.60 295.60