0.06 2.35
2.62 6.48
7.08 10.64
11.35 13.35
13.53 15.04
16.17 19.15
19.53 21.53
22.04 27.46
28.17 30.17
30.28 33.13
34.17 36.13
36.46 37.33
37.84 40.06
40.24 42.51
43.48 45.80
46.04 48.40
48.71 50.24
50.55 52.42
52.82 57.04
58.48 60.73
61.66 64.55
65.20 69.13
69.86 74.33
74.93 76.26
76.53 78.17
78.42 80.55
82.42 84.15
84.48 87.00
87.37 88.73
89.22 90.80
90.93 94.02
95.33 98.35
98.84 103.17
103.73 105.02
105.28 107.91
108.31 110.24
111.91 114.77
115.68 119.28
119.73 123.02
123.48 125.37
125.64 128.40
129.82 134.08
134.33 137.37
138.20 143.40
144.28 145.71
146.13 149.31
149.53 152.48
153.51 157.06
157.51 159.68
160.20 163.22
163.53 165.68
166.51 168.28
168.37 171.44
171.73 173.51
173.60 174.42
174.73 177.66
178.06 180.24
180.46 182.40
183.31 188.60
189.26 193.08
193.24 195.00
196.22 197.57
197.71 201.31
202.17 205.28
205.80 208.02
208.93 212.31
212.62 215.84
216.11 219.35
221.11 222.31
222.60 223.68
224.04 228.91
229.08 230.91
231.42 233.22
234.02 235.40
235.80 237.84
238.06 240.04
240.17 243.62
244.00 246.17
246.84 248.84
248.97 252.44
252.88 255.42
255.68 258.13
258.80 260.84
262.31 264.86
265.22 268.26
268.48 270.42
270.86 275.11
275.82 278.73
279.46 282.84
283.68 286.95
287.60 290.95
291.48 293.60
293.97 296.88
297.97 300.51
300.93 304.04
304.48 306.62
307.17 312.44
312.80 316.04