0.10 0.73
0.88 3.77
4.48 6.48
7.08 8.17
8.68 11.04
11.20 12.62
13.22 13.97
14.93 16.11
16.44 19.17
19.40 22.26
22.86 26.77
28.15 29.31
29.77 31.35
31.84 32.60
32.95 35.11
35.71 37.33
38.06 39.35
39.68 43.06
43.53 46.51
47.00 48.13
49.13 52.04
52.33 54.04
54.35 59.02
60.55 64.71
65.88 66.95
67.06 72.46
72.80 74.24
75.73 77.80
77.97 80.35
80.82 82.80
83.04 84.55
84.71 87.51
88.28 94.06
94.60 98.93
100.26 102.17
102.40 104.06
104.31 108.26
108.62 110.37
110.75 112.93
114.04 117.31
117.77 118.71
119.93 121.11
121.35 122.73
123.00 124.17
124.62 125.46
126.04 127.33
127.75 131.55
131.95 133.66
134.82 136.55
137.24 139.66
139.95 143.91
144.11 146.17
147.60 150.17
150.48 151.26
152.13 153.64
153.75 154.73
155.66 157.35
157.51 159.02
159.82 161.68
162.08 164.11
165.17 167.44
167.82 168.51
168.93 170.60
171.62 173.84
174.42 175.62
175.68 176.88
177.06 179.64
180.17 182.66
182.93 186.91
187.51 188.91
190.06 194.73
195.00 195.93
196.42 198.46
198.57 200.24
200.75 205.97
206.51 209.02
209.17 210.80
211.71 213.28
213.44 214.28
214.48 215.84
216.60 218.13
218.48 220.73
221.08 224.08
224.51 227.06
228.13 230.88
231.55 232.86
233.13 236.22
237.31 240.08
238.40 239.15
239.31 239.95
240.24 241.02
241.33 242.42
242.68 245.40
245.57 247.00
247.46 247.88
248.28 252.35
253.15 255.62
256.13 258.00
258.24 260.60
260.93 261.73
262.46 263.82
264.40 268.17
268.53 269.31
269.75 272.97
273.75 274.77
275.04 275.86
276.62 277.91
278.37 279.42
279.93 281.57
282.31 284.68
285.20 286.64
287.08 287.91
288.08 289.57
290.02 290.82
291.02 292.82
293.15 293.73
294.24 295.77
296.08 299.57