0.08 1.86
2.11 3.06
3.48 5.51
5.84 9.82
10.44 12.84
13.88 14.62
14.84 16.04
16.44 18.04
18.42 20.42
20.86 21.44
21.77 25.22
25.55 28.04
28.42 29.33
30.40 31.60
31.64 36.24
38.22 40.06
40.75 43.44
43.55 48.00
48.13 49.40
49.86 52.53
52.71 54.02
55.42 57.40
57.73 59.33
59.68 61.06
61.35 62.44
63.33 65.77
65.84 67.02
67.26 69.62
70.33 72.60
73.13 73.93
74.04 75.68
75.93 78.71
80.57 82.08
82.60 83.86
84.33 85.91
86.22 87.84
88.17 90.80
91.17 91.84
92.20 93.24
93.60 96.06
96.88 99.57
100.02 102.06
102.06 103.57
104.20 107.68
108.13 109.24
109.84 112.24
112.42 114.84
116.11 117.22
117.86 121.20
121.71 125.75
126.84 132.55
132.75 133.64
134.04 137.15
137.57 139.37
139.57 140.35
140.60 142.46
142.93 144.35
145.40 147.11
147.48 149.64
150.06 151.82
152.28 155.62
156.84 160.02
160.57 162.86
163.88 165.53
165.93 170.44
170.77 171.75
171.97 175.00
175.91 180.93
181.57 183.82
184.75 190.64
191.17 192.40
193.00 197.57
198.24 199.57
199.73 200.97
201.20 202.37
202.62 205.02
205.68 207.80
209.00 211.35
211.62 212.55
212.86 214.82
215.24 215.86
215.86 216.86
216.91 220.62
221.15 222.62
222.84 227.28
227.53 229.11
230.24 234.11
234.57 236.73
237.44 239.42
239.66 243.02
243.51 244.00
244.06 244.91
244.97 248.06
249.33 250.82
251.77 254.80
254.97 257.57
257.86 260.88
261.62 265.95
266.24 269.75
270.62 272.48
272.66 273.75
273.82 277.44
277.68 280.13
280.80 282.02
282.42 284.86
285.35 287.88
288.11 289.24
290.06 292.33