0.28 1.48
2.27 4.36
5.04 6.83
7.53 10.80
11.16 12.67
13.68 14.49
14.62 15.47
15.74 17.79
18.17 19.37
19.53 21.52
24.97 27.37
28.20 30.73
31.82 35.08
35.36 38.25
39.24 40.68
40.97 43.05
43.08 44.84
45.56 48.32
48.54 50.44
50.94 53.76
53.93 55.56
56.48 58.78
58.84 60.52
61.02 62.28
62.35 63.28
63.66 65.58
67.76 69.74
69.98 72.80
73.84 75.32
75.66 79.07
79.37 80.44
80.96 83.26
83.60 85.45
85.96 88.49
89.61 92.51
93.69 97.48
97.69 98.16
98.80 101.98
102.32 104.56
104.97 107.98
109.04 111.18
111.63 112.72
114.83 115.74
115.90 118.57
118.57 121.77
122.72 125.56
126.16 127.74
128.72 130.83
131.47 136.19
137.23 139.71
140.04 142.06
143.04 145.39
145.45 146.99
147.69 151.07
151.56 153.04
153.28 156.60
156.80 157.79
159.20 162.96
163.72 166.09
167.29 168.94
169.08 170.33
170.54 172.20
172.81 175.36
176.62 177.61
177.80 181.76
182.30 184.43
184.75 186.17
188.46 192.28
193.13 194.46
194.46 195.48
196.08 199.95
200.14 201.52
202.68 205.18
205.18 207.76
208.27 210.27
210.35 211.60
212.81 214.60
215.10 216.73
217.15 219.28
221.32 224.56
225.18 227.61
228.46 231.20
232.51 235.47
237.52 240.44
240.64 243.08
243.47 244.27
244.59 247.32
247.85 249.47
249.92 253.68
253.77 254.96
256.14 258.84
260.91 265.13
265.37 267.39
267.82 269.58
271.05 273.96
274.46 276.83
277.24 279.66
279.85 281.28
282.73 285.60
285.82 287.42
287.55 289.16
289.92 293.82
294.33 296.62
296.88 300.54