0.27 3.56
4.12 5.48
6.57 8.91
9.42 10.20
11.37 13.80
14.01 14.86
15.28 21.18
22.20 24.41
25.15 27.32
27.55 30.75
31.15 35.85
37.02 38.27
39.15 43.16
44.17 45.32
45.72 46.27
46.96 49.37
50.32 54.52
54.99 56.83
57.37 59.39
60.17 64.03
64.54 68.59
69.05 71.56
73.63 76.67
77.95 81.95
82.56 85.23
85.61 88.01
89.36 93.80
94.22 96.32
97.29 100.08
101.50 104.64
105.00 105.72
107.45 108.83
108.99 111.31
112.03 113.64
113.64 116.16
116.73 119.31
120.32 124.73
125.56 126.84
127.16 131.55
133.72 137.42
138.64 140.84
141.37 142.88
143.36 144.60
145.07 148.19
149.24 149.79
150.54 151.80
152.03 153.74
154.35 154.97
156.25 156.91
158.67 160.70
161.66 162.97
163.10 165.20
165.42 166.59
167.60 170.22
170.27 172.72
173.37 175.21
175.85 178.20
178.78 180.57
180.83 181.82
183.69 185.40
186.22 187.61
188.12 190.06
190.36 192.20
192.35 193.58
194.51 196.32
196.60 198.01
198.68 202.04
203.24 204.49
204.96 208.00
209.28 211.56
212.33 213.76
214.91 216.11
216.28 217.84
217.96 219.53
219.53 222.49
224.44 228.08
228.22 230.38
231.00 232.03
232.22 236.78
237.31 238.57
239.42 240.64
241.16 242.57
242.78 244.51
245.13 248.32
249.42 250.01
250.72 252.64
252.97 255.37
256.27 256.99
258.44 259.23
260.24 260.97
261.66 262.38
262.75 263.79
264.88 265.85
266.33 267.15
267.34 268.20
268.51 270.20
270.68 272.72
273.61 277.42
278.12 279.36
280.08 281.74
282.51 283.31
284.01 284.94
285.40 286.40
286.81 288.06
288.44 290.51
291.52 293.24
293.58 296.38
297.02 299.68
300.59 304.30
304.51 307.76
308.41 313.05
313.69 318.09
318.43 319.87
319.90 320.94
321.12 322.59