0.10 2.96
2.96 6.72
6.72 20.56
20.56 24.28
24.28 26.28
26.28 28.20
28.20 29.32
29.32 30.96
30.96 31.36
31.36 32.60
32.60 32.92
32.92 35.60
35.60 37.24
37.24 39.40
39.40 41.48
41.48 43.08
43.08 43.56
43.56 44.64
44.64 46.12
46.12 47.32
47.32 49.24
49.24 53.72
53.72 55.32
55.32 55.80
55.80 58.16
58.16 58.76
58.76 59.88
59.88 61.08
61.08 62.00
62.00 64.88
64.88 65.96
65.96 66.96
66.96 68.60
68.60 70.36
70.36 73.28
73.28 75.28
75.28 75.84
75.84 76.20
76.20 81.76
81.76 83.04
83.04 84.48
84.48 86.36
86.36 88.40
88.40 89.12
89.12 89.96
89.96 93.20
93.20 101.84
101.84 106.36
106.36 111.68
111.68 113.00
113.00 116.20
116.20 118.56
118.56 120.72
120.72 122.20
122.20 123.96
123.96 124.56
124.56 128.04
128.04 130.92
130.92 131.12
131.12 132.68
132.68 133.64
133.64 137.04
137.04 138.88
138.88 139.60
139.60 143.04
143.04 144.52
144.52 146.80
146.80 149.12
149.12 151.64
151.64 152.28
152.28 153.12
153.12 153.68
153.68 153.96
153.96 159.56
159.56 162.40
162.40 163.08
163.08 164.08
164.08 165.80
165.80 166.20
166.20 166.60
166.60 168.20
168.20 171.04
171.04 171.24
171.24 174.16
174.16 178.08
178.08 179.60
179.60 181.16
181.16 184.44
184.44 189.24
189.24 191.08
191.08 191.96
191.96 195.88
195.88 200.16
200.16 204.88
204.88 207.00
207.00 210.76
210.76 219.88
219.88 220.72
220.72 221.52
221.52 222.76
222.76 225.04
225.04 226.44
226.44 227.64
227.64 228.56
228.56 229.40
229.40 230.44
230.44 232.68
232.68 236.92
236.92 240.36
240.36 241.04
241.04 241.60
241.60 242.56
242.56 244.00
244.00 246.32
246.32 247.76
247.76 248.20
248.20 248.40
248.40 249.32
249.32 249.36
249.36 249.56
249.56 254.16
254.16 255.56
255.56 257.36
257.36 260.20
260.20 262.36
262.36 263.68
263.68 266.08
266.08 267.68
267.68 271.76
271.76 274.88
274.88 278.16
278.16 281.16
281.16 282.00
282.00 284.00
284.00 284.44
284.44 286.16
286.16 287.08
287.08 291.28
291.28 297.04
297.04 299.36
299.36 301.24
301.24 304.84
304.84 306.80
306.80 307.32
307.32 308.12
308.12 309.72
309.72 311.28
311.28 311.92
311.92 313.52
313.52 314.76
314.76 317.24
317.24 319.16
319.16 320.84
320.84 323.04
323.04 325.08
325.08 327.08
327.08 328.76
328.76 330.80
330.80 333.32
333.32 334.96
334.96 336.44
336.44 338.00
338.00 339.32
339.32 341.84
341.84 346.56
346.56 351.60
351.60 353.64
353.64 355.12
355.12 378.00
