22.14 23.18
23.26 25.51
25.6 28.85
28.94 31.35
31.44 33.23
33.31 36.86
36.94 39.57
40.86 44.07
46.33 49.46
58.55 60.17
60.26 62.68
62.76 64.55
64.64 66.1
66.18 70.23
70.31 72.02
72.1 73.73
73.81 76.82
76.9 78.82
79.57 81.07
83.99 87.41
87.49 91.29
91.37 94.38
94.5 98.34
103.63 106.85
106.93 109.1
109.18 112.27
112.35 114.23
115.73 117.86
119.44 120.44
120.53 123.11
123.2 124.78
124.86 126.66
126.74 129.28
141.05 143.8
143.88 147.09
147.18 148.26
150.51 153.18
153.27 156.02
174 175.87
175.96 177.88
177.96 181.84
181.92 184.09
184.17 185.59
187.89 190.22
191.56 193.56
193.64 194.81
196.64 199.56
199.65 202.48
202.57 204.36
204.44 205.49
205.57 207.7
207.78 209.78
213.29 214.54
214.62 217.16
217.25 220.88
220.96 224.46
224.55 227.38
227.47 230.3
230.39 232.01
232.1 235.06
235.14 237.18
237.27 239.56
239.65 242.23
242.31 244.4
244.48 247.99
248.07 249.45