3.16 4.71
7.33 8.83
8.92 11.34
12.13 15.84
15.92 18.93
19.68 22.6
22.68 24.77
24.85 26.89
26.98 29.1
30.44 32.52
32.61 35.36
35.44 38.61
38.7 41.57
41.66 43.83
43.91 47.08
47.16 49.17
49.25 50.54
51.54 54.34
54.42 55.46
55.55 58.18
58.26 60.97
61.05 63.47
63.55 66.93
67.02 70.65
70.73 73.23
73.31 75.61
75.69 78.2
78.28 80.41
80.49 83.03
83.12 87.83
87.91 89.87
89.96 93.83
93.92 97.13
97.21 99.8
99.88 101.68
101.76 104.26
104.35 107.64
107.72 109.27
109.35 112.65
112.73 114.19
114.27 116.48
116.57 119.03
119.11 121.24
121.32 124.74
124.82 128.16