28.77 30.23
31.4 32.78
36.53 40.24
43.25 44.5
45.87 47.96
49.34 51.84
56.18 58.93
60.43 63.56
63.64 66.31
66.39 68.27
73.11 75.78
76.61 79.2
79.28 81.54
81.62 83.2
83.29 85.46
85.54 88.96
94.09 96.84
102.64 105.23
105.77 109.15
110.15 111.86
113.28 115.44
116.49 117.7
117.78 120.49
120.57 121.91
121.99 124.08
124.16 125.96
126.04 129.17
130.38 132.63
132.71 133.84
133.92 135.34
144.72 146.02
150.31 152.31
152.4 153.44
153.52 155.03
157.86 159.45
159.53 163.87
163.95 167.91
168.87 170.54
170.62 174.71
178.55 180.01
181.93 184.43
187.68 189.19
191.73 195.15
195.23 198.03
198.11 200.57
200.65 202.45
202.53 204.16
206.08 208.5
209.71 211.33
211.42 214.17
214.25 218.26
218.34 220.01
220.09 223.39
223.47 225.47
226.47 229.1
242.07 245.37
245.45 246.95
247.03 251.2
251.29 254.54
254.62 256.42
256.5 258.29
258.38 262.63
262.72 265.72
265.8 269.35
269.43 271.39
271.47 272.68
272.77 275.77
275.85 278.65
278.73 281.24
281.32 285.32
287.24 289.66
289.74 293.58
293.66 295.75
295.83 299.42
299.5 302.76
302.84 307.93
308.01 310.93
311.01 312.43
313.27 314.48
314.56 318.23
318.31 322.07