1.2 5
7.08 9.63
9.71 11.84
11.96 14.88
14.97 16.84
16.93 21.06
21.14 26.1
26.19 27.65
27.73 30.65
31.73 35.53
36.74 40.24
40.32 43.16
43.24 45.25
45.33 48.54
48.63 51.21
51.88 53.55
53.63 55.55
56.47 57.47
57.55 60.85
60.93 63.18
63.26 65.6
67.52 70.48
70.56 75.9
82.66 84.37
84.45 88.12
93.21 95.3
98.43 100.84
100.93 105.18
105.26 108.93
112.77 114.69
114.77 117.69
117.78 122.2
122.28 125.03
125.12 127.41
127.49 132.54
132.63 135.38
135.46 136.63
136.71 139.55
139.63 141.76
141.84 143.59
143.68 147.22