5.32 8.33
8.41 12.5
19.3 20.8
27.51 30.35
32.06 33.48
33.56 36.81
36.9 39.52
39.61 41.44
41.53 46.74
46.82 48.66
48.74 52.66
52.75 54.16
54.25 57.54
57.63 60
60.09 61.71
61.8 65.01
65.09 67.39
67.47 71.35
71.43 73.93
74.93 77.02
77.77 82.28
84.61 86.53
86.61 89.7
89.78 93.87
93.95 96.04
96.12 99.33
100.13 101.54
105.38 108.84
108.93 110.35
111.35 114.14
114.56 116.52
116.6 119.35
119.44 123.23
123.32 125.07
125.15 127.66
127.74 128.91
128.99 133.62
133.7 136.25
136.33 138.08
138.16 140.17
140.25 142.63