6.16 7.83
10.66 12.75
13.5 16.54
16.63 19.21
20.05 22.17
24.34 26.09
26.18 28.39
30.22 34.27
42.32 45.91
45.99 47.74
52.96 56.38
64.09 65.34
65.43 68.09
70.22 72.02
72.93 74.35
74.44 76.65
76.73 78.86
79.44 82.49
83.57 85.2
85.28 88.24
88.82 90.87
91.41 92.41
92.91 95.75
103.92 105.72
106.8 109.39
109.47 112.35
113.06 115.94
120.23 124.19
124.28 126.03
126.82 128.36
133.91 137.67
137.75 142.21
142.3 144.71
145.26 147.8
147.88 149.3
149.38 154.26
154.35 155.77
155.85 158.94
159.02 161.19
161.27 163.23