1.99 3.83
4.95 7.25
8.12 9.92
10 13.29
13.38 15.5
15.59 17.13
20.01 22.34
22.43 24.05
24.14 27.56
27.64 28.85
28.93 33.23
33.31 35.69
35.78 38.07
38.15 40.53
48.29 49.83
49.91 52.46
52.54 56.63
56.71 59.01
59.09 63.05
63.13 66.3
66.39 69.85
69.93 71.48
71.56 73.81
73.9 75.98
77.82 79.23
79.32 80.86
80.94 82.11
82.2 85.24
85.32 90.66
90.75 93.42
93.5 95.21
95.29 98.21
98.3 99.92
100 102.84
102.92 107.18
107.26 110.6
110.68 113.85
113.94 116.73
116.86 118.27
118.36 119.78
119.86 123.36
123.45 127.57
129.45 131
137.04 138.54
146.05 149.68
152.81 157.9
159.06 161.94
169.2 172.12
172.2 175.25
176.96 179.13
179.21 181.88
181.96 185.8
189.09 190.51
190.6 195.43
195.52 202.11
202.19 204.65
206.74 209.32
210.11 211.28
212.12 213.79
213.87 216.96
217.04 220.13
220.21 223.21
223.3 225.67
225.76 227.38
227.47 229.93
231.05 232.68
241.86 244.53
244.61 246.86
246.94 248.24
248.32 251.66
251.74 253.99
259.83 261.83