5.64 8.85
8.94 11.31
12.73 14.49
41.18 43.14
43.22 45.47
47.68 49.85
51.94 54.11
54.19 56.24
56.32 58.07
58.15 60.53
62.16 63.16
63.24 66.12
66.2 68.45
68.54 72.92
73 74.92
75 78.76
78.84 80.47
80.55 82.3
82.39 85.47
85.56 88.98
89.06 93.65
93.73 95.31
95.4 98.53
98.61 103.53
103.62 106.2
106.29 107.66
107.74 110
110.08 114.46
114.54 116.42
116.5 119.88
119.97 121.18
121.26 123.97
124.05 125.3
125.39 128.31
128.39 130.47
132.27 135.73
137.9 139.4
157.21 160.67
170.22 172.14
176.56 178.69
181.99 183.9
183.99 188.74
188.83 190.87