2.17 6.3
6.39 9.85
10.77 12.1
13.31 16.23
19.52 23.07
24.32 26.74
37.75 39.96
41.09 42.51
44.72 46.68
46.76 48.3
48.39 50.72
50.81 52.18
55.6 57.85
57.94 59.81
61.27 63.65
65.19 67.57
68.32 69.7
69.78 71.2
83.88 85.88
85.97 87.93
88.01 91.14
97.02 98.48
99.52 101.48
101.56 102.82
108.28 109.95
110.91 112.45
129.51 131.01
133.05 136.02
136.1 137.93
138.02 139.73
139.81 142.69
142.77 146.23
146.32 148.36
149.95 151.16
152.36 153.7
155.41 157.08
158.7 160.96
161.04 163.17
163.25 167.05
167.13 170.97
171.05 173.55
177.68 182.48
182.56 185.9
192.91 195.66
196.83 200.91
207.96 209.09
211.72 213.59
214.68 216.1
217.93 219.06
219.14 223.27
223.35 226.52
226.61 228.78
229.65 231.24
231.32 233.86
233.95 236.91