0.32 2.07
2.16 3.49
3.58 5.83
5.91 7.33
7.41 8.79
13.13 14.17
16.01 18.01
18.09 20.18
21.3 23.89
24.76 26.39
26.47 28.6
28.68 30.69
32.85 34.61
34.69 36.61
36.69 38.69
41.24 43.82
43.91 46.45
46.53 48.62
48.7 51.71
51.79 54.17
54.25 56.17
63.34 64.89
66.81 69.73
69.81 74.27
74.35 76.31
76.4 79.82
79.9 81.49
81.57 84.82
84.91 86.24
86.32 89.99
90.08 93.12
93.21 97.67
97.75 102.97
103.05 104.68
104.76 107.68
107.76 110.43
110.52 112.81
112.89 114.4
114.48 117.69
118.73 121.36
121.44 123.15
123.24 124.57
124.65 127.53
127.62 130.7
131.58 133.75
133.83 136.79
136.88 139.17
139.25 142.17
142.26 144.47
144.55 146.89
146.97 150.14
150.22 152.27
152.35 154.85
154.93 157.19
157.27 160.36
160.44 164.03
164.11 168.57