0.13 1.15
2.86 4.75
7.37 9.48
10.77 13.64
14.06 15.86
16.04 18.77
19.51 21.68
21.82 23.00
23.28 25.77
26.55 28.40
28.57 30.77
32.26 36.62
37.17 39.04
39.15 41.66
41.86 44.35
45.75 48.37
48.62 52.91
54.22 56.64
57.06 60.97
61.55 66.37
66.95 69.88
70.80 71.97
72.40 74.37
76.15 78.13
79.08 83.04
83.44 85.13
85.37 88.46
89.66 91.68
92.15 92.80
93.22 94.17
94.55 96.20
96.62 101.08
101.95 104.46
105.66 108.68
109.57 111.57
111.62 113.82
114.24 116.22
116.55 119.57
120.93 123.13
123.66 126.13
126.28 128.80
130.31 133.26
133.48 136.55
137.20 140.02
141.17 143.28
143.80 146.93
147.13 148.17
148.64 151.22
152.44 155.73
156.24 159.71
160.53 161.97
162.46 164.15
164.51 167.95
168.82 169.64
170.06 174.20
174.95 177.26
179.26 181.02
182.11 183.46
183.62 184.88
185.55 187.66
187.91 189.62
189.97 193.11
194.26 197.13
197.55 199.42
200.15 200.73
201.00 203.48
204.42 206.46
209.02 211.75
212.33 214.35
215.11 216.91
217.17 219.64
220.22 224.97
225.11 226.35
226.93 229.46
229.75 232.48
233.60 237.55
238.15 240.51
241.42 243.53
243.82 246.75
247.91 249.73
249.97 250.73
251.24 252.48
253.26 255.86
258.37 260.33
260.77 263.08
263.55 264.93
265.73 269.44
269.95 270.91
271.20 272.22
272.57 276.60
277.73 281.75
282.24 284.15
284.46 286.80
288.31 289.97
290.68 292.40
292.64 294.02
294.20 294.75
295.44 301.13