0.11 1.80
2.02 3.80
3.97 5.51
5.84 8.71
9.73 12.97
13.75 15.26
16.24 17.93
18.11 21.80
22.04 25.57
26.66 29.04
29.57 34.02
34.60 38.60
39.55 43.91
44.37 46.75
47.82 51.26
51.71 53.51
53.57 55.17
56.71 61.08
61.08 63.86
64.06 66.44
67.40 69.62
69.71 71.80
72.57 75.11
75.77 77.88
79.51 85.35
86.08 88.02
88.40 94.31
95.60 97.24
97.73 100.62
101.77 103.44
103.77 106.06
106.44 111.31
111.57 112.86
113.08 115.35
115.53 116.80
117.00 118.62
119.13 123.24
123.77 126.86
128.35 130.57
130.84 135.37
136.11 138.68
139.64 144.28
144.93 147.31
147.66 150.86
151.53 152.42
152.97 155.04
155.37 156.68
157.33 161.28
161.51 163.91
164.28 167.95
168.55 171.93
172.57 174.77
175.06 177.53
177.82 181.31
182.80 185.44
186.44 187.55
188.48 190.37
190.88 194.77
195.75 197.35
197.71 201.62
202.04 203.53
205.28 207.13
207.37 209.57
209.57 211.06
211.42 213.26
213.55 217.33
218.33 223.35
223.64 224.28
224.35 225.22
225.48 228.44
229.31 232.84
232.84 234.95
235.20 237.88
238.20 241.06
242.68 245.53
246.11 248.37
248.82 252.33
252.80 255.68
255.95 259.73
260.57 264.75
265.22 266.75
266.97 268.75
269.82 270.40
270.93 276.00
276.97 279.04
279.44 281.04
281.62 284.13
284.51 287.15
287.73 289.97
291.46 293.62
294.00 294.64
295.17 295.80
296.33 298.22