0.08 2.48
2.95 4.26
4.44 7.00
7.44 10.95
11.13 12.95
13.06 14.02
14.86 20.00
20.37 22.00
23.13 27.11
27.60 29.80
30.35 33.00
33.20 34.84
35.28 38.00
38.95 41.35
41.51 44.88
45.37 51.44
51.88 52.64
52.93 55.64
55.97 59.91
60.08 65.42
66.22 67.53
67.80 70.62
70.86 73.15
74.11 75.93
76.20 78.68
79.82 83.33
83.82 86.37
86.77 89.97
91.26 93.04
93.11 96.57
97.02 98.60
98.73 100.20
100.80 104.06
104.62 105.91
106.17 110.66
111.22 114.68
115.06 117.11
117.71 120.11
120.64 123.55
123.93 125.62
127.31 128.24
128.64 131.15
131.64 133.51
133.97 137.06
137.37 140.22
140.95 143.57
143.93 145.33
145.60 148.44
149.84 151.20
151.60 153.75
154.40 157.68
158.06 159.33
159.88 163.11
163.35 168.48
168.88 170.57
171.97 173.84
175.26 176.95
177.24 178.42
178.71 180.84
181.42 183.95
184.68 187.46
187.84 189.37
189.88 191.95
192.66 194.77
195.08 197.84
198.17 201.55
202.24 207.64
209.00 209.93
210.04 214.88
215.53 217.04
217.42 218.84
220.06 221.95
222.15 222.84
223.31 225.82
226.17 227.68
227.88 229.68
230.13 231.13
231.44 235.84
237.35 239.91
240.22 241.64
241.84 242.86
243.13 245.84
246.13 249.04
249.37 252.22
252.84 254.62
254.97 258.26
259.31 261.55
262.24 263.31
263.75 264.93
265.20 267.33
268.00 270.24
271.37 272.86
273.08 275.40
276.15 279.46
280.31 281.64
281.93 284.68
284.80 285.88
286.66 288.64
288.95 292.68
292.97 294.44
295.04 299.28