0.33 2.44
2.91 6.48
7.42 9.55
10.08 13.44
13.82 16.00
17.37 19.53
19.91 24.51
25.22 29.00
29.46 30.75
31.26 34.04
34.40 37.73
38.53 40.46
41.06 43.62
44.33 47.28
47.82 51.40
51.71 53.51
54.26 57.60
57.97 59.68
60.17 65.20
65.33 66.22
68.04 73.35
74.48 77.15
77.55 81.68
83.48 86.17
86.40 89.51
90.55 93.66
94.35 96.02
96.22 97.93
98.71 100.55
101.06 104.75
105.77 110.08
110.53 113.28
114.17 116.48
117.11 118.75
119.75 122.64
122.84 124.97
126.15 129.80
129.80 134.33
136.13 138.75
139.71 142.35
143.15 145.71
146.75 149.55
149.77 150.91
151.20 152.97
153.46 155.77
156.35 157.62
158.26 162.48
164.71 167.75
168.06 169.13
169.42 173.40
174.84 178.55
178.82 179.66
180.48 182.57
182.95 186.88
187.62 191.42
193.04 195.60
196.51 197.60
197.80 201.97
202.35 206.88
208.24 211.73
212.17 217.93
218.44 220.55
221.86 225.88
226.93 230.66
231.73 235.26
236.20 237.06
237.46 240.24
240.66 243.93
244.33 245.51
246.37 249.73
250.11 252.31
252.77 254.31
255.55 256.31
256.57 258.97
259.35 261.51
262.24 264.88
265.22 267.13
267.93 270.46
271.33 274.53
274.95 276.06
276.40 277.93
278.55 280.35
280.82 283.15
284.13 284.84
285.28 288.11
288.40 290.40
291.15 294.11