0.24 1.33
1.37 3.55
3.91 6.68
7.15 8.95
9.26 12.20
12.26 14.24
15.22 18.00
18.64 21.86
22.66 24.75
25.17 28.37
28.82 30.93
32.00 32.93
33.64 35.40
35.77 39.15
39.68 40.48
40.93 44.35
44.86 46.60
47.24 50.04
52.35 53.33
53.77 54.88
55.37 57.57
58.00 60.48
60.88 62.46
62.77 64.55
64.97 67.35
67.77 71.55
71.66 73.51
73.86 77.02
78.08 79.88
80.20 82.42
83.20 85.15
85.26 86.11
86.28 87.40
87.88 91.53
92.22 95.84
96.93 102.08
102.35 104.48
104.80 107.53
107.80 108.71
109.22 110.71
111.62 114.24
114.93 118.46
118.82 121.44
125.37 129.28
129.95 131.84
131.93 133.57
133.93 136.15
136.53 143.57
144.88 149.02
149.46 151.55
152.82 159.13
159.97 162.02
162.33 164.31
165.82 167.24
167.40 168.97
170.06 172.20
172.55 174.13
174.68 179.84
181.28 183.51
183.77 185.62
186.20 192.00
193.35 195.44
195.93 197.44
197.75 200.20
201.95 204.20
204.46 205.31
206.04 207.40
207.51 209.00
209.88 213.44
213.77 220.42
220.91 224.66
224.97 228.04
228.31 230.64
230.91 235.75
236.86 238.51
239.08 239.93
240.33 243.06
243.26 244.73
245.31 247.55
247.95 249.33
249.42 252.53
253.04 256.53
257.48 262.15
262.55 265.06
265.40 272.53
273.51 275.42
275.66 277.53
278.02 281.84
282.31 284.60
285.33 287.17
287.31 288.02
288.33 290.62
290.82 293.08
294.08 297.37
297.60 300.55