0.24 2.26
2.48 3.08
3.46 9.68
10.44 12.64
13.62 15.51
15.86 17.86
19.06 20.20
20.91 25.00
26.06 27.00
27.24 29.46
29.80 31.97
32.60 35.24
36.04 37.60
37.91 39.44
39.86 42.53
43.51 45.15
45.24 46.77
47.11 49.22
49.55 53.57
53.88 55.44
56.86 60.31
60.62 61.73
61.86 63.08
63.80 66.97
67.53 70.88
71.04 72.00
73.35 75.48
75.68 78.02
78.22 79.13
80.40 84.95
85.06 85.95
86.37 88.66
89.57 92.95
93.26 96.53
96.82 98.11
98.28 99.93
100.93 103.55
104.22 107.48
107.68 109.62
110.42 111.22
111.51 112.75
113.11 114.46
114.84 118.97
119.24 120.62
121.04 122.42
123.02 124.62
124.80 126.93
128.24 130.62
130.97 134.06
134.37 136.31
136.46 137.75
138.60 140.15
140.62 141.88
142.37 147.84
149.00 150.68
151.08 154.40
155.13 157.26
157.66 160.28
161.46 164.64
164.97 166.88
167.33 168.86
169.13 171.48
171.64 174.15
175.26 178.35
178.53 181.22
182.11 183.73
184.08 187.35
188.24 191.08
191.40 193.55
193.88 195.80
196.77 199.13
199.42 200.82
201.15 202.82
203.17 204.88
205.08 207.97
208.57 211.66
211.91 213.80
214.60 216.55
216.86 219.53
219.97 221.73
222.08 223.71
225.31 229.42
230.75 234.42
234.62 236.77
237.82 240.00
240.48 243.08
243.57 244.40
244.82 246.88
247.40 249.00
250.48 253.82
254.17 256.44
257.62 258.97
259.53 260.08
260.22 261.11
261.42 264.42
264.93 267.84
268.42 270.42
270.42 271.91
272.35 274.60
275.20 277.24
277.77 280.22
280.62 284.08
285.33 289.53
290.80 292.93
293.97 296.02
296.28 297.17
298.35 302.11