0.13 2.95
2.95 6.75
7.13 10.86
11.31 15.44
15.77 18.48
20.42 23.48
23.80 28.17
29.15 30.88
31.20 34.71
35.08 39.31
39.53 41.73
41.95 43.24
43.37 44.35
45.46 48.46
49.88 52.28
52.51 53.53
54.13 56.73
57.48 59.44
59.68 62.95
63.66 65.57
66.17 68.97
69.26 71.84
72.08 75.53
76.24 77.44
78.46 81.15
81.31 82.04
82.48 85.97
86.84 90.24
90.55 93.73
95.24 98.84
99.73 101.82
101.97 103.46
104.06 105.17
105.53 112.20
113.17 115.73
116.24 120.24
120.42 122.13
123.04 124.04
124.15 126.53
126.93 128.66
128.80 129.77
130.06 132.42
132.48 133.80
134.57 135.73
135.88 139.08
139.33 140.35
140.62 141.82
142.13 142.86
143.15 146.91
147.55 150.17
150.35 152.04
152.22 153.73
154.08 156.26
157.51 159.24
160.46 162.13
162.31 164.17
164.46 166.31
167.13 168.35
168.37 169.66
170.42 173.57
173.97 176.04
176.17 177.24
177.55 179.11
180.24 183.13
183.48 184.82
185.02 187.84
187.84 188.51
188.95 189.51
190.22 193.64
193.97 195.95
196.00 196.93
197.53 199.11
199.42 203.46
204.15 207.97
208.31 210.93
211.11 213.73
214.95 216.64
216.91 219.42
219.97 221.55
221.66 225.97
226.06 226.93
227.46 228.71
229.00 231.37
232.73 236.88
237.28 239.28
239.57 241.88
243.17 245.08
245.28 247.60
247.82 249.37
249.77 252.40
253.60 255.11
257.37 260.35
260.73 263.62
264.02 266.82
266.93 269.91
270.31 273.42
273.53 276.37
276.55 279.40
279.44 282.71
284.75 286.33
286.82 288.33
288.35 290.02
290.11 292.51
293.57 295.71
296.44 299.57
299.95 303.80