3.37 6.08
6.17 10.46
10.55 15.05
17.68 20.43
20.51 21.85
21.93 24.1
24.19 28.56
32.74 34.78
34.86 36.86
36.95 39.66
39.74 42.91
43 45.62
47.25 49.71
49.79 52.25
54.59 58.39
58.47 63.22
70.65 73.02
73.11 76.86
76.95 79.03
79.11 81.41
85 87.92
90.54 92.92
97.13 98.43
116.82 119.24
119.32 122.57
122.66 125.58
125.66 129.33
129.42 131.75
131.83 134.71
136.05 138.3
138.38 141.14
141.22 143.22
143.3 145.22
145.31 149.39
149.48 151.4
151.48 155.86
155.94 158.49
158.57 161.32
161.41 165.78
165.87 168.79
168.87 172.37
172.46 175.67
175.75 179.05
181.51 183.8
185.89 188.77
188.85 192.23
201.24 203.57
206.62 209.37
216.46 219.75
227.05 229.68
231.14 233.27
234.27 236.19
243.03 245.7
245.78 247.7
247.78 251.62
251.7 254.96
255.04 256.71
256.79 260.38
260.46 264.13
264.22 267.89
267.97 272.27
272.35 275.14
275.23 278.23
278.31 281.07
281.15 284.65
284.74 286.24
286.32 287.91
287.99 290.87
290.95 294.29
294.37 296.67
296.75 299.38
299.46 304.76
304.84 307.93
312.93 317.35
319.86 322.98
323.07 326.86
326.95 330.78
333.7 337.12