20.02 22.07
22.15 24.4
26.49 28.4
28.49 30.41
30.49 35.2
35.29 37.92
38 39.63
39.71 41.34
41.42 44
44.09 45.38
45.46 47.38
47.47 49.01
49.09 50.68
50.76 53.51
53.6 55.89
55.97 57.48
58.77 60.69
60.77 64.27
66.28 68.57
72.28 74.62
76.58 79.46
84.55 86.59
86.67 89.59
89.68 92.3
94.64 97.77
97.85 101.4
101.48 105.11
105.19 107.4
111.65 115.16
116.49 118.95
119.04 121.21
122.29 124.08
124.17 126.3
130.88 134.47
135.68 138.64
138.72 142.06
143.52 146.82
150.36 152.78
154.45 157.74
159.33 162.12
184.56 187.15
195.4 199.33
199.41 203.04
203.12 207.75
207.84 212.01
212.09 215.68
215.76 220.22
220.3 224.27
224.35 227.1
230.23 232.86
232.94 237.53
237.61 242.03
242.12 245.96
246.04 250
250.09 253.71
253.8 258.8
258.88 261.39
262.64 265.47
265.56 267.48
267.56 271.69
271.77 273.9
273.98 275.9
275.99 279.07
279.16 284.41
284.49 287.96
288.04 293.05
293.13 299.63
301.89 304.76
304.85 309.6
309.69 313.69
313.77 317.61
317.69 322.03
322.11 325.99
326.08 329.87
329.96 334.5
334.59 338.34
338.42 342.89
342.97 347.39
347.47 350.64
350.73 354.65
354.73 359.7
359.78 364.24
364.32 368.66
368.74 371.83
371.92 374.84