0.42 3.09
3.17 6.55
6.63 9.84
9.93 13.72
13.81 16.43
16.52 19.19
19.27 22.86
22.94 24.78
24.86 26.94
27.03 29.95
30.03 33.24
33.33 38.21
38.29 41
42.34 45.67
47.21 49.42
49.51 53.97
59.27 61.56
61.65 64.02
64.11 65.57
65.65 68.4
73.16 77.37
96.43 98.77
98.85 101.14
101.23 103.52
103.6 106.23
106.32 108.57
108.65 109.69
109.78 112.61
118.16 120.46
120.54 124.5
131.05 133.63
133.72 137.47
137.55 141.39
141.48 144.4
146.23 149.23
151.74 153.78
153.86 157.66
157.74 160.7
160.79 164.29
164.37 168.25
172.63 176.51
176.93 180.52