21.42 24.67
25.54 29.21
32.43 34.72
48.78 50.32
50.4 55.7
70.8 73.76
79.22 80.47
91.11 92.99
99.28 100.87
127.02 130.86
148.04 150.63
164.06 165.31
165.39 166.73
181.74 183.66
189.75 192.25
192.34 193.92
196.09 199.43
207.85 211.02
211.1 214.07
276.42 278.67
281.47 283.43
283.51 285.26
285.34 287.26
287.35 289.85
289.93 293.1
302.03 305.03
310.2 313.79
317 321.13
323.67 326.51
326.59 328.68
329.81 334.31
334.39 337.11
337.19 339.11
339.19 342.24
344.07 348.12
351.58 353.33
364.67 367.63
367.72 369.93
373.68 376.23
377.77 379.19
379.27 383.28
384.61 387.15
387.24 390.7
390.78 394.54
394.62 396.37
396.46 398.21
400.79 402.92
406.63 409.39
410.26 413.81
414.6 416.52