5.04 7.71
7.79 10.42
10.5 12.84
12.92 15.88
15.96 17.92
18.01 21.22
21.3 24.56
29.52 32.27
40.03 43.78
45.16 49.41
49.5 51.71
51.79 54.13
54.21 58.47
58.55 60.3
60.38 63.47
93.96 98.25
98.34 100.26
102.26 104.18
104.26 105.89
105.97 109.31
109.39 111.69
111.77 114.73
114.81 116.82
116.9 119.57
119.65 122.7
124.82 127.7
127.79 130.62
130.71 133
133.08 137.67
137.75 139.8
139.88 145.3
150.64 153.69
168.91 170.7
170.79 173.37
173.46 176.38
184.8 187.55
194.77 198.15
198.23 201.82
201.9 203.15
203.24 207.28