0.04 2.66
2.75 6.29
6.37 9
9.09 10.84
10.92 12.63
12.71 16.18
16.26 19.05
19.14 21.85
21.93 24.73
27.52 30.44
30.52 32.53
32.69 35.69
35.78 38.95
39.03 41.66
41.74 44.79
44.87 48.04
48.12 51.13
51.21 54.21
54.3 57.22
57.3 59.72
59.8 63.06
63.14 64.39
64.47 65.89
65.98 68.94
69.02 72.36
72.44 76.32
76.4 78.99
79.07 81.57
81.66 84.12
84.2 87.41
87.5 90.33
90.42 93.21
93.29 95.21
95.3 97.22
97.3 100.43
100.51 102.55
102.64 106.39
106.47 109.14
109.23 111.48
111.56 114.48
114.57 117.44
117.53 119.86
119.95 122.66
122.74 125.08
125.16 128.29
128.37 131.75
131.83 134.59
134.67 137.42
137.5 141.89
141.97 144.72
144.8 147.81
147.89 150.31
150.39 153.31
153.4 156.32
156.4 160.24
160.32 163.16
163.24 166.2
166.28 172.12
176.54 179.09
179.17 182.47
184.18 186.76