2.87 4.54
4.63 6.34
9.21 11.13
18.47 20.68
23.81 26.57
27.4 31.03
31.11 33.86
33.95 36.37
45.33 48.96
49.05 50.13
71.65 74.32
80.33 82.83
84.04 87.21
87.29 89.75
89.84 91.13
91.21 93.59
93.67 95.22
97.68 99.26
99.35 102.1
102.18 105.69
105.77 109.44
109.52 112.32
112.4 116.78
116.86 120.62
120.7 123.12
123.2 124.75
124.83 127.96
131.88 136.76
136.84 139.39
139.47 141.93
142.01 144.68
144.77 147.98
148.06 149.81
149.9 153.73
153.82 156.78
156.86 160.07
162.66 164.58
164.66 166.62
166.7 168.62
168.71 171.34
171.42 174.42
175.76 179.72
182.3 186.18
186.27 188.43
188.52 190.73
190.81 193.52
193.61 196.28
196.36 199.57
199.65 204.99
205.08 207.33
207.41 213.13
214.46 217.59
219.72 222.64
222.72 225.89
225.97 229.35
233.11 235.61
235.69 237.9
245.99 247.91
247.99 250.2
250.29 252.42
262.09 263.72
263.8 266.93
267.01 269.43
269.52 272.27
273.69 275.86
275.94 279.69
279.78 282.32
282.4 285.7
285.82 288.79
288.87 291.45
291.54 295.04
298.88 300.17
300.26 303.05
305.05 307.18
307.26 308.26
308.35 312.06
316.23 318.86
318.94 320.82
320.9 323.99
324.07 326.32
326.41 329.58
329.66 332.54
335.92 337.92
339.67 341.17
341.88 344.17
344.3 345.67
345.76 348.47
348.55 350.56