0.10 3.24
3.24 6.76
6.76 12.92
12.92 13.28
13.28 14.84
14.84 15.76
15.76 17.00
17.00 19.00
19.00 19.52
19.52 20.32
20.32 21.68
21.68 23.24
23.24 23.72
23.72 25.44
25.44 28.40
28.40 28.64
28.64 32.48
32.48 32.76
32.76 33.84
33.84 34.40
34.40 36.68
36.68 37.52
37.52 38.08
38.08 38.36
38.36 40.92
40.92 41.80
41.80 45.04
45.04 46.08
46.08 48.20
48.20 48.84
48.84 50.00
50.00 50.20
50.20 52.16
52.16 52.60
52.60 54.12
54.12 55.64
55.64 57.08
57.08 59.48
59.48 62.48
62.48 63.00
63.00 64.36
64.36 67.32
67.32 68.08
68.08 69.36
69.36 69.76
69.76 72.04
72.04 75.20
75.20 77.16
77.16 77.76
77.76 78.24
78.24 78.56
78.56 79.32
79.32 81.68
81.68 83.32
83.32 83.88
83.88 86.84
86.84 90.44
90.44 97.16
97.16 102.24
102.24 106.72
106.72 108.76
108.76 109.88
109.88 112.04
112.04 114.32
114.32 115.64
115.64 118.36
118.36 121.28
121.28 121.92
121.92 129.20
129.20 133.04
133.04 134.12
134.12 136.76
136.76 137.12
137.12 139.80
139.80 143.04
143.04 146.56
146.56 149.32
149.32 150.08
150.08 151.12
151.12 154.40
154.40 159.72
159.72 160.56
160.56 163.32
163.32 166.52
166.52 169.68
169.68 174.68
174.68 177.40
177.40 179.84
179.84 182.32
182.32 184.40
184.40 188.88
188.88 190.92
190.92 192.00
192.00 193.80
193.80 196.48
196.48 197.88
197.88 200.56
200.56 203.40
203.40 203.92
203.92 211.44
211.44 219.16
219.16 221.16
221.16 222.48
222.48 225.20
225.20 228.20
228.20 230.92
230.92 235.04
235.04 236.72
236.72 238.24
238.24 239.48
239.48 240.24
240.24 244.32
244.32 245.44
245.44 246.08
246.08 250.52
250.52 251.88
251.88 252.96
252.96 255.84
255.84 257.92
257.92 259.84
259.84 260.72
260.72 267.64
267.64 268.64
268.64 270.24
270.24 272.20
272.20 275.68
275.68 278.44
278.44 282.56
282.56 283.84
283.84 285.72
285.72 286.76
286.76 287.76
287.76 292.84
292.84 293.16
293.16 295.04
295.04 297.12
297.12 298.48
298.48 299.16
299.16 301.08
301.08 304.32
304.32 306.76
306.76 307.36
307.36 308.32
308.32 308.68
308.68 310.40
310.40 312.00
312.00 312.68
312.68 313.12
313.12 316.56
316.56 318.36
318.36 320.80
320.80 327.08
327.08 329.56
329.56 332.72
332.72 336.04
336.04 340.68
340.68 344.68
344.68 346.28
346.28 349.24
349.24 352.76
352.76 353.72
353.72 357.72
357.72 360.12
360.12 361.56
361.56 365.20
365.20 368.56
368.56 369.80
369.80 370.52
370.52 377.52
