0.10 3.24
3.24 6.64
6.64 13.00
13.00 13.44
13.44 14.08
14.08 15.92
15.92 17.40
17.40 18.04
18.04 18.36
18.36 22.76
22.76 25.60
25.60 26.48
26.48 30.00
30.00 31.08
31.08 31.80
31.80 34.28
34.28 34.68
34.68 42.00
42.00 45.44
45.44 50.04
50.04 57.72
57.72 58.32
58.32 58.64
58.64 59.04
59.04 59.80
59.80 64.92
64.92 68.72
68.72 70.72
70.72 71.16
71.16 73.36
73.36 75.12
75.12 77.00
77.00 77.32
77.32 78.12
78.12 79.20
79.20 83.64
83.64 87.36
87.36 88.44
88.44 88.76
88.76 91.24
91.24 91.52
91.52 94.72
94.72 95.04
95.04 99.20
99.20 101.80
101.80 103.16
103.16 105.20
105.20 105.52
105.52 110.20
110.20 111.08
111.08 113.24
113.24 115.20
115.20 122.08
122.08 122.36
122.36 123.28
123.28 124.08
124.08 133.48
133.48 135.68
135.68 139.32
139.32 141.88
141.88 143.28
143.28 144.84
144.84 145.20
145.20 147.68
147.68 152.28
152.28 160.80
160.80 161.96
161.96 170.04
170.04 175.68
175.68 181.92
181.92 187.16
187.16 195.48
195.48 199.08
199.08 205.56
205.56 206.88
206.88 208.48
208.48 211.28
211.28 214.08
214.08 225.16
225.16 225.40
225.40 226.04
226.04 227.96
227.96 228.36
228.36 232.44
232.44 233.28
233.28 234.56
234.56 234.88
234.88 235.56
235.56 239.76
239.76 242.64
242.64 246.68
246.68 257.00
257.00 257.36
257.36 258.16
258.16 262.84
262.84 266.40
266.40 268.24
268.24 275.56
275.56 279.60
279.60 279.60
279.60 283.36
283.36 287.84
287.84 288.88
288.88 290.40
290.40 290.68
290.68 294.92
294.92 295.16
295.16 295.64
295.64 300.24
300.24 304.36
304.36 307.44
307.44 309.80
309.80 311.60
311.60 314.32
314.32 315.28
315.28 318.84
318.84 321.48
321.48 321.80
321.80 322.04
322.04 323.12
323.12 325.56
325.56 329.84
329.84 331.28
331.28 336.24
336.24 336.88
336.88 337.56
337.56 340.96
340.96 341.76
341.76 342.24
342.24 343.24
343.24 345.60
345.60 345.88
345.88 347.60
347.60 349.36
349.36 353.20
353.20 354.32
354.32 356.64
356.64 358.68
358.68 360.52
360.52 362.60
362.60 363.68
363.68 368.56
368.56 369.64
369.64 370.64
370.64 371.76
371.76 377.68
