0.10 1.39
2.91 4.17
7.48 9.66
10.17 12.20
13.08 15.71
16.09 17.60
18.35 19.85
20.20 21.02
21.55 22.97
23.90 24.94
25.29 27.02
27.52 29.28
30.78 33.24
33.72 34.86
35.72 38.59
39.02 41.50
42.97 44.22
45.23 46.40
46.62 48.35
49.55 50.64
50.68 52.11
52.57 55.55
56.52 57.71
58.52 61.77
62.54 64.80
65.71 68.25
68.86 70.52
71.26 72.36
72.49 73.98
74.59 76.25
77.52 79.82
79.93 80.46
80.67 81.77
82.40 84.76
86.03 89.92
91.55 92.41
92.84 94.38
94.76 95.68
96.19 97.16
98.76 101.53
101.88 105.87
107.42 109.20
110.43 111.88
112.12 112.75
113.32 116.49
116.99 120.97
122.68 123.39
123.88 125.07
125.31 126.65
126.81 127.45
127.80 129.39
130.89 132.76
133.16 134.78
135.39 136.33
136.78 138.33
139.29 141.42
141.42 142.41
142.64 147.32
148.60 151.76
152.22 153.31
154.51 156.78
156.99 157.80
158.83 160.99
161.48 164.97
166.01 168.56
168.83 169.76
169.90 171.47
172.67 174.65
175.71 179.60
180.32 181.60
182.06 183.40
184.20 186.91
187.36 189.63
190.56 192.38
192.73 193.90
195.10 196.04
196.51 197.36
197.44 198.73
199.16 201.82
202.51 205.68
206.06 207.36
207.63 209.21
209.93 211.10
211.85 212.41
212.80 213.77
214.97 216.12
217.05 218.38
218.96 220.72
222.57 223.96
224.56 225.63
226.48 227.45
228.78 231.31
231.66 233.34
233.66 234.89
235.07 237.45
238.57 240.70
242.35 244.30
244.46 244.92
245.84 249.98
250.40 252.08
253.04 256.12
256.62 258.49
259.20 261.48
261.98 265.71
267.63 269.36
269.64 270.73
272.09 272.97
273.31 274.54
275.12 275.68
276.62 278.44
279.02 280.51
281.10 283.60
284.52 287.44
288.11 291.20
291.95 293.05
293.74 295.92