0.10 3.44
3.60 5.76
6.19 8.59
8.88 10.28
10.86 16.16
16.51 18.16
18.67 19.24
19.39 20.89
21.28 23.44
24.27 25.72
28.06 29.80
30.86 32.35
33.16 35.42
35.60 36.14
36.83 38.44
39.26 41.40
41.66 43.18
44.32 46.04
46.89 50.49
51.87 53.21
53.77 55.21
55.79 57.34
58.14 59.63
60.11 62.51
64.24 66.83
67.26 70.16
70.83 72.46
72.68 75.74
76.80 79.39
81.69 84.20
84.56 85.98
86.88 89.12
89.40 91.50
92.24 95.04
96.46 97.34
97.52 98.17
98.46 99.84
100.54 101.72
101.88 103.93
105.04 108.70
109.18 110.48
110.68 113.80
114.80 117.48
117.63 120.01
120.73 121.61
121.76 123.29
123.63 126.81
128.60 132.36
132.94 134.76
135.23 139.13
140.40 143.88
144.32 146.84
147.23 150.04
151.24 152.73
152.83 154.33
155.26 156.89
157.10 158.91
159.44 160.80
160.86 161.71
162.44 163.40
163.71 165.20
165.87 170.12
172.06 174.80
175.26 179.53
180.43 181.87
182.22 184.96
185.90 190.72
191.50 193.04
193.10 194.27
194.75 196.78
197.23 198.96
200.01 201.80
201.98 203.92
204.04 206.24
206.46 208.97
209.56 211.23
211.37 214.68
215.34 217.40
217.56 219.32
219.87 223.42
223.74 225.08
225.44 228.20
230.20 232.92
233.58 235.87
236.12 238.81
240.03 243.77
244.49 247.42
247.52 248.52
248.89 252.32
253.52 257.31
257.40 258.65
259.18 261.74
263.24 266.06
266.68 268.65
269.08 271.04
271.58 273.40
273.56 275.40
277.02 278.24
278.54 280.24
280.59 282.68
283.31 284.76
285.12 285.82
286.46 288.75
289.48 291.10
291.28 293.42
294.36 296.73
296.94 299.04