0.16 2.38
3.35 3.82
5.55 6.90
7.09 9.31
9.52 10.19
10.24 10.79
10.86 11.69
11.73 12.43
12.65 13.63
13.77 15.27
15.49 16.12
16.46 18.14
18.36 19.33
19.60 20.81
20.88 23.05
23.31 24.85
30.04 30.50
31.97 32.94
33.18 33.98
34.29 35.27
35.90 36.70
37.42 39.53
39.66 40.99
41.44 42.70
43.40 45.06
45.15 46.87
47.31 48.85
49.15 50.91
51.54 53.20
57.84 58.37
59.75 61.23
61.83 63.36
63.75 64.47
64.57 66.48
66.66 67.39
67.57 68.35
68.63 70.61
70.71 71.74
71.82 72.57
72.82 76.46
76.58 77.66
77.77 79.08
79.45 81.26
