0.41 2
2.08 3.79
3.88 5.63
5.71 8.34
8.42 11.72
11.8 13.72
13.8 15.51
15.6 18.14
18.22 20.89
20.98 22.94
23.15 24.23
24.31 27.32
27.44 30.15
30.24 32.28
32.36 34.91
34.99 36.87
36.95 39.37
39.45 41.08
41.16 44.38
45 48.17
48.26 52.47
52.55 54.43
54.51 57.35
57.64 61.06
61.14 62.43
64.52 65.73
65.81 69.44
69.53 72.07
80.87 84
84.21 87.54
87.63 90.05
90.13 92.8
92.88 93.97
94.05 97.72
97.8 98.89
98.97 102.73
102.81 104.56
105.23 107.69
107.86 109.57
119.33 120.74
120.99 124.2
124.41 127.54
127.71 129.29
131.71 134.09
134.26 135.8
135.88 138.72
139.01 142.93
143.18 146.56
146.73 150.86
150.94 153.78
153.94 157.07
157.74 159.87
159.95 162.04
162.12 164.04
164.12 166.62
166.71 169.96
170.04 172.3
172.38 174.05
174.13 178.05
178.13 181.76
182.47 187.14
188.94 192.61
192.77 194.69
194.78 197.95
198.03 200.99