7.32 11.82
12.32 14.49
15.16 17.79
17.95 21.41
21.5 23.58
23.67 27.3
27.38 29.42
29.51 32.59
32.68 35.26
35.35 40.52
40.6 43.77
46.02 47.36
48.03 49.69
68 69.13
70.71 73.05
73.22 74.72
74.89 77.85
77.93 80.27
80.35 82.48
97.83 101.7
101.79 104
104.08 108.17
108.29 109.96
110.05 111.67
111.76 113.17
123.27 125.89
128.27 129.52
129.61 131.78
131.86 135.2
135.28 136.57
136.66 138.66
138.74 141.91
141.99 144.29
144.37 146.54
146.62 149.54
149.63 150.63
155.47 161.22
161.6 163.89
163.97 168.4
168.73 171.73
171.82 173.48
174.57 176.82
176.9 181.08
181.16 183.2
184.66 186.12
188.08 190
190.67 194.21
194.42 199.84
200.05 202.85
203.14 207.6
207.81 211.86
212.44 213.69
216.11 217.65
217.82 219.9
219.99 221.62
222.28 224.16
224.24 226.83
226.95 228.5
228.58 231.08
231.17 232.79
232.88 235.3
235.38 239.55