0.17 2
2.09 5.42
5.51 10.09
10.18 12.22
12.64 16.81
16.89 19.77
22.56 23.94
31.7 33.03
36.08 40.25
40.33 43.84
45.09 47.59
63.23 68.74
68.9 72.74
73.28 74.57
87.42 88.63
100.02 101.31
109.44 111.28
126.79 128.71
128.8 131.38
131.46 133.88
133.97 136.22
136.3 139.05
139.14 141.85
141.93 145.19
146.44 147.61
149.77 151.48
158.78 161.2
161.62 165.87
166.67 167.71
167.79 170.67
170.75 173.8
173.88 176.01
176.09 179.09
179.18 181.1
181.18 182.14
182.22 186.52
188.4 190.27
190.44 193.53
194.53 197.36
197.53 202.49
202.58 203.95
205.58 209
209.75 212.75
225.06 226.64
240.74 243.16
245.16 249.25