4.5 5.67
5.75 7.75
7.83 9.58
9.67 12.67
12.75 13.92
14.01 15.59
15.67 17.14
17.22 18.59
18.68 19.93
20.01 22.1
22.18 24.89
27.52 30.65
30.73 32.44
32.52 34.11
34.19 36.53
36.61 38.32
38.41 41.95
44 46.29
46.37 49.08
49.17 50.29
50.38 54
54.09 57.01
57.09 59.72
59.8 61.55
61.64 64.97
65.06 67.98
68.06 71.86
71.94 73.44
73.52 76.86
76.94 78.9
78.99 81.32
81.41 85.66
85.75 86.75
88.12 91.71
92.04 94.96
95.05 97.01
97.09 100.93
101.18 103.76
103.85 107.85
107.93 111.85
111.94 114.52
114.61 118.94
119.03 121.91
121.99 125.37
125.45 127.41
127.5 131.04
131.12 133.67
133.75 136.46
136.71 138.67
138.76 142.34
142.72 145.93
146.01 149.02
149.39 150.6
150.69 155.06
155.15 158.57
158.82 163.41
163.74 166.24
166.45 167.95
172.67 173.87
176.04 179.13