2.58 4.46
4.54 8.63
8.71 12.3
12.38 13.46
13.55 15.38
15.47 17.63
19.09 21.18
21.26 22.26
22.35 24.1
24.18 25.48
25.56 27.69
27.77 30.27
31.86 33.19
33.28 35.44
35.53 37.2
37.28 41.07
42.12 46.79
47.21 49.67
49.75 51.38
52.17 55.13
55.21 59.8
59.89 63.01
63.39 64.97
65.06 67.56
67.64 71.81
71.9 77.24
77.32 78.99
79.07 81.95
82.41 84.83
84.91 86.66
86.75 90.17
90.46 91.83
91.92 94.42
94.5 97.47
97.55 100.09
100.18 102.97
103.26 106.43
106.52 109.06
109.14 111.19
111.27 112.48
121.11 122.2
130.16 132.63
133.96 135.92
136.21 140.3
140.47 142.55
142.63 143.97
145.1 146.18
147.06 148.56
148.64 151.27
151.35 153.06
153.15 155.36
156.23 157.48
157.65 158.82
158.9 160.24
160.32 161.65
161.74 163.82
163.91 166.45
166.53 168.99
169.08 171.33
172.25 173.62
173.71 176.29
176.38 178.42
178.5 180.8
180.88 183.59
183.68 186.01
188.05 190.77
196.02 200.19
203.24 204.36
206.28 208.87
208.95 212
212.08 215.71
215.79 218.63
218.71 221.71
222.01 222.97
223.05 225.8
225.88 227.68
227.76 230.43
235.1 236.27
238.77 240.32
244.15 245.15
245.24 248.57
256.87 258.33
258.42 261
261.46 263.46