23.14 25.06
25.39 27.27
27.35 28.94
29.02 30.98
31.06 33.23
36.07 37.86
37.95 41.16
41.24 46
46.08 49.58
59.09 62.47
62.55 66.85
66.93 70.1
70.98 74.98
75.32 78.69
78.78 81.11
81.28 85.83
85.91 87.25
87.33 91.08
91.17 92.79
92.88 95.67
95.75 98.05
98.13 101.38
101.47 106.39
107.14 110.98
111.06 112.27
113.73 117.07
117.15 118.82
119.74 122.91
123.37 127.83
127.91 131.33
131.5 132.83
133.08 137.5
140.01 142.05
142.13 145.39
145.47 148.52
148.6 151.73
152.19 157.27
157.36 160.99
161.86 163.07
163.53 167.03
167.2 169.2
169.29 171.04
171.12 172.96
173.04 175.04
175.12 178.21
178.29 179.71
180.84 183.38
183.47 184.97
185.05 187.8
187.89 189.31
189.39 191.68
191.77 193.35
193.44 196.4
196.9 198.94
199.02 200.32
200.4 202.07
203.49 205.53