0 1.71
1.79 3.67
3.75 5.25
5.34 6.96
7.05 9.76
9.84 13.18
13.26 15.68
15.76 19.89
20.18 21.56
21.65 24.61
24.69 29.99
30.11 34.32
36.28 41.71
44.54 46.55
70.4 75.99
76.07 79.95
80.12 84.54
84.63 88.17
88.25 93.26
93.34 96.89
99.51 102.56
102.64 105.73
105.81 108.52
108.61 112.44
112.61 116.07
116.16 118.99
119.08 124.04
124.12 126.75
126.83 129.09
129.17 131.46
131.55 134.51
134.59 137.59
137.68 138.72
138.8 141.26
141.35 143.6
143.68 146.23
146.31 148.4
148.48 151.57
151.65 154.36
154.45 161.2
161.28 163.58
163.66 167.33
168.67 171.75
173.34 175.8