12.27 13.27
19.78 22.07
31.91 34.88
35.75 37.92
39.42 42.68
43.14 44.34
47.85 50.27
50.43 54.02
54.19 58.03
58.11 60.99
61.07 62.86
62.95 66.24
66.33 68.83
68.91 73.5
73.58 74.92
80.76 82.05
89.06 93.77
93.85 97.81
97.98 100.07
100.15 103.82
103.9 108.12
108.2 112.04
112.12 114.75
114.83 116.92
117 118.08
118.17 120.25
120.34 122.17
122.34 123.38
123.46 125.38
125.47 127.09
127.18 128.85
128.93 131.35
132.39 136.48
136.56 139.86
139.94 141.02
141.48 143.36
143.82 148.49
151.12 152.41
152.99 156
156.16 158.04
181.27 182.77
182.86 185.74
185.82 189.82
189.91 193.66