3.38 4.71
4.79 7.46
7.63 11.13
11.3 12.38
12.51 16.68
16.76 18.89
18.97 21.85
21.93 24.06
24.15 27.77
28.82 32.99
34.82 37.08
37.16 39.33
39.5 42.41
43.08 45.92
48.09 49.84
49.92 50.92
51.09 52.42
53.13 54.59
54.76 58.01
58.1 62.64
62.73 66.44
66.52 68.73
69.94 71.23
71.32 74.41
74.49 79.66
79.83 81.95
83.46 86.88
87.96 90.96
94.55 98.64
99.01 103.64
104.64 108.65
109.02 111.86
119.16 122.58
122.66 125.83
127.67 129.25
129.33 131.55
131.63 136.09
136.17 137.43
137.51 140.43
140.51 143.14
143.22 144.77
148.85 150.61
150.69 151.94
152.02 155.65
155.74 157.03
157.11 160.03
160.12 163.12