2.09 3.46
5.96 9.22
9.3 13.18
14.1 15.64
15.72 16.72
16.81 17.81
17.89 19.73
19.81 21.85
21.94 24.94
25.02 26.19
26.27 28.69
30.28 31.86
41.29 46.09
83 84.42
85.17 86.46
87.17 88.8
89.09 92.18
92.34 96.51
96.85 100.89
101.89 103.85
104.02 106.69
106.86 110.19
110.28 111.57
111.65 113.57
114.82 116.41
116.78 118.41
118.49 121.45
121.54 124.33
124.42 127.21
127.29 129.5
131.09 132.8
132.88 136.38
136.55 138.3
138.47 141.56
143.43 144.77
145.23 146.94
150.44 151.44
152.03 153.03
153.4 156.49
156.57 159.74
159.91 162.16
162.25 163.66
163.75 167.25
175.3 178.59
179.1 182.56
183.97 187.81
188.27 189.69
189.77 192.73