0.45 2.91
2.99 7.83
13.17 14.3
15.01 18.13
18.22 22.14
25.64 29.14
29.48 31.77
32.23 36.15
36.53 40.53
41.2 44.2
44.79 46.83
47.5 51.63
51.71 53.59
53.67 57.34
57.42 58.67
58.76 61.43
61.51 64.6
64.93 67.02
68.64 72.52
75.07 81.36
81.74 84.99
85.08 87.54
87.79 91.58
91.67 94.42
96.38 100.59
100.68 102.55
102.97 104.22
105.64 108.56
108.72 112.81
112.89 116.69
120.4 123.61
130.79 133.5
133.58 135.13
135.59 139.76
139.84 141.92
142.97 146.26
146.43 151.52
151.6 154.44
154.52 159.44
159.52 160.74
161.82 164.61
164.7 168.08
168.16 169.7
169.79 173.92
174 178.04
178.13 179.96
181.63 184.05
184.72 189.51
189.6 193.1
196.81 199.73