0.49 3.04
10.84 13.46
13.71 15.97
16.26 18.26
18.34 21.72
22.14 25.23
25.31 27.06
27.14 30.15
30.23 32.32
32.4 33.61
33.69 35.78
35.86 36.95
37.03 39.62
39.7 40.87
40.95 44.7
44.79 46.66
49.38 51.13
51.59 55.96
56.13 58.63
58.72 59.72
61.93 65.14
65.22 68.94
69.35 72.4
72.48 76.9
76.99 78.61
78.7 80.28
80.37 81.45
81.53 83.45
83.53 85.04
85.12 89.62
90.88 91.88
92.54 94.8
94.88 99.47
99.55 101.76
102.05 106.77
118.57 120.07
120.15 124.49
124.58 128.58
128.66 132.58
132.67 135.92
136.13 140.63
140.72 143.39
143.47 146.93
147.01 149.56
149.64 151.6