4.58 6.67
7.71 10.79
11 14.59
14.67 17.39
17.47 19.97
20.05 22.6
22.68 25.31
25.39 27.48
27.56 29.69
29.77 31.94
32.03 34.28
34.36 41.37
42.03 43.45
43.54 45.58
45.95 48.83
48.92 53.63
54.17 56.3
56.38 59.47
59.55 63.68
63.89 66.27
80.45 81.7
84.24 86.37
105.26 108.35
110.6 112.06
115.48 117.36
151.06 154.52
158.57 161.15
162.36 164.62
179.84 182.97
183.84 186.85
187.47 188.93
189.1 190.64
191.6 192.81
196.52 199.44
200.44 202.07
206.99 209.12
209.2 211.83
212.37 213.71
214.54 217.58
217.71 219.75
219.84 221.8
222.72 223.97
228.1 229.64
229.72 232.48