0.14 1.56
1.70 3.44
3.90 4.76
5.54 7.90
15.70 22.74
24.12 30.98
32.48 36.54
36.66 39.56
40.96 47.90
49.36 52.28
53.54 56.00
57.78 64.82
66.16 70.40
70.46 73.08
74.58 81.02
83.32 89.92
91.54 97.80
100.12 107.76
108.58 115.30
116.68 119.54
120.90 123.74
125.12 132.06
133.52 137.72
137.72 140.64
141.94 148.58
150.32 152.76
154.56 156.66
158.74 165.40
167.20 173.88
175.62 182.48
184.24 191.02
192.46 198.78
201.12 208.46
209.50 216.26
217.88 224.72
226.10 234.50
234.70 242.06
243.18 250.42
250.54 263.68
