0.24 2.62
3.18 4.62
5.44 6.86
9.50 11.36
11.58 14.94
15.40 17.84
18.30 20.80
21.24 23.86
24.82 26.44
26.44 28.92
29.38 33.08
33.30 36.76
37.12 38.86
38.86 40.50
40.86 42.00
42.12 43.42
43.42 45.26
45.68 48.92
49.08 51.48
51.72 53.26
53.76 55.26
55.46 57.72
57.78 59.62
59.62 61.30
61.54 63.06
63.06 64.94
65.52 68.08
68.60 70.08
70.08 72.36
72.14 73.82
74.06 76.16
76.54 83.38
85.92 87.26
87.96 89.50
91.64 93.16
93.88 95.80
96.22 97.04
97.46 99.54
100.12 103.36
103.84 105.06
105.40 106.70
107.70 109.52
110.00 110.98
111.28 112.52
112.78 114.22
114.22 115.98
116.06 118.46
119.02 123.80
124.08 125.96
125.96 127.56
128.04 129.08
129.50 132.56
133.04 134.90
135.36 136.92
137.10 138.30
138.70 140.92
141.14 143.06
143.42 145.88
146.60 150.84
151.10 153.30
153.62 155.88
155.98 157.80
157.90 159.66
159.90 162.68
163.10 165.40
165.66 167.70
168.08 172.08
172.70 175.24
175.52 176.94
177.18 179.78
180.14 182.20
182.54 184.88
185.46 187.28
