0.10 3.24
3.24 6.72
6.72 13.64
13.64 16.32
16.32 16.84
16.84 16.92
16.92 17.64
17.64 18.08
18.08 19.20
19.20 20.00
20.00 21.92
21.92 22.12
22.12 22.44
22.44 23.00
23.00 25.84
25.84 26.32
26.32 28.44
28.44 28.92
28.92 29.84
29.84 30.24
30.24 30.48
30.48 31.28
31.28 31.48
31.48 32.36
32.36 34.88
34.88 35.20
35.20 36.32
36.32 36.60
36.60 37.76
37.76 38.04
38.04 39.16
39.16 39.36
39.36 44.28
44.28 45.32
45.32 47.20
47.20 47.80
47.80 48.12
48.12 48.68
48.68 49.64
49.64 50.56
50.56 56.08
56.08 56.68
56.68 60.12
60.12 62.80
62.80 65.08
65.08 65.80
65.80 67.64
67.64 68.84
68.84 74.36
74.36 74.68
74.68 75.16
75.16 79.56
79.56 80.72
80.72 84.12
84.12 84.60
84.60 86.68
86.68 93.36
93.36 93.64
93.64 95.20
95.20 100.52
100.52 103.56
103.56 107.80
107.80 108.76
108.76 112.48
112.48 121.92
121.92 122.60
122.60 123.92
123.92 124.40
124.40 125.88
125.88 126.40
126.40 127.40
127.40 128.20
128.20 128.68
128.68 129.52
129.52 134.36
134.36 136.96
136.96 137.92
137.92 140.48
140.48 144.60
144.60 149.40
149.40 152.72
152.72 156.80
156.80 158.80
158.80 163.68
163.68 166.28
166.28 170.64
170.64 172.68
172.68 174.96
174.96 180.48
180.48 182.40
182.40 186.48
186.48 187.04
187.04 188.76
188.76 190.00
190.00 190.92
190.92 192.68
192.68 194.28
194.28 206.44
206.44 207.92
207.92 209.24
209.24 213.08
213.08 216.04
216.04 222.60
222.60 224.56
224.56 225.76
225.76 227.52
227.52 229.84
229.84 230.76
230.76 232.88
232.88 233.56
233.56 236.20
236.20 238.52
238.52 246.48
246.48 248.36
248.36 249.32
249.32 250.60
250.60 252.80
252.80 254.48
254.48 255.32
255.32 256.24
256.24 257.80
257.80 258.00
258.00 258.20
258.20 260.52
260.52 263.36
263.36 266.28
266.28 269.72
269.72 270.96
270.96 275.52
275.52 277.52
277.52 282.84
282.84 290.52
290.52 291.96
291.96 292.32
292.32 292.60
292.60 292.96
292.96 293.40
293.40 295.12
295.12 298.60
298.60 299.24
299.24 300.32
300.32 304.32
304.32 305.64
305.64 307.96
307.96 310.64
310.64 313.36
313.36 316.68
316.68 317.60
317.60 318.60
318.60 320.48
320.48 320.76
320.76 324.72
324.72 326.04
326.04 326.84
326.84 327.36
327.36 330.04
330.04 333.68
333.68 336.48
336.48 337.24
337.24 338.72
338.72 339.88
339.88 341.44
341.44 343.20
343.20 345.00
345.00 346.60
346.60 349.04
349.04 351.08
351.08 353.68
353.68 354.92
354.92 356.72
356.72 358.00
358.00 359.64
359.64 360.44
360.44 362.60
362.60 365.60
365.60 369.60
369.60 371.28
371.28 371.80
371.80 379.04
