0.10 2.96
2.96 6.72
6.72 12.72
12.72 15.12
15.12 15.56
15.56 15.68
15.68 16.52
16.52 17.04
17.04 17.44
17.44 18.04
18.04 18.60
18.60 21.28
21.28 21.64
21.64 22.40
22.40 26.36
26.36 32.20
32.20 33.52
33.52 38.36
38.36 40.72
40.72 41.56
41.56 45.44
45.44 46.64
46.64 47.24
47.24 51.60
51.60 52.36
52.36 54.16
54.16 54.60
54.60 60.12
60.12 60.64
60.64 65.76
65.76 66.24
66.24 66.80
66.80 70.24
70.24 70.88
70.88 71.20
71.20 77.36
77.36 79.56
79.56 81.12
81.12 83.52
83.52 86.28
86.28 86.96
86.96 87.20
87.20 92.20
92.20 92.88
92.88 96.16
96.16 97.72
97.72 101.44
101.44 101.80
101.80 103.32
103.32 104.40
104.40 105.76
105.76 106.12
106.12 108.04
108.04 108.40
108.40 109.40
109.40 112.92
112.92 115.88
115.88 119.80
119.80 120.76
120.76 122.16
122.16 125.16
125.16 125.56
125.56 127.36
127.36 128.28
128.28 129.00
129.00 132.32
132.32 136.84
136.84 139.40
139.40 143.68
143.68 145.76
145.76 146.36
146.36 147.24
147.24 150.96
150.96 154.44
154.44 155.88
155.88 158.80
158.80 159.44
159.44 161.32
161.32 161.88
161.88 168.88
168.88 169.96
169.96 171.84
171.84 175.28
175.28 177.32
177.32 178.40
178.40 181.60
181.60 183.28
183.28 186.20
186.20 191.52
191.52 194.20
194.20 195.00
195.00 195.56
195.56 196.40
196.40 199.56
199.56 204.64
204.64 208.44
208.44 211.72
211.72 212.64
212.64 212.92
212.92 214.76
214.76 215.80
215.80 216.52
216.52 223.60
223.60 228.08
228.08 231.20
231.20 231.32
231.32 236.96
236.96 238.08
238.08 239.84
239.84 245.52
245.52 246.40
246.40 249.72
249.72 250.20
250.20 254.76
254.76 262.56
262.56 265.48
265.48 267.08
267.08 268.32
268.32 269.56
269.56 270.68
270.68 276.00
276.00 280.08
280.08 282.20
282.20 283.12
283.12 284.48
284.48 285.16
285.16 285.88
285.88 287.88
287.88 288.32
288.32 293.04
293.04 294.00
294.00 295.16
295.16 295.80
295.80 297.12
297.12 300.40
300.40 301.16
301.16 301.76
301.76 302.44
302.44 302.84
302.84 303.16
303.16 304.12
304.12 304.76
304.76 306.36
306.36 309.16
309.16 311.12
311.12 312.92
312.92 314.88
314.88 316.84
316.84 317.36
317.36 320.24
320.24 320.76
320.76 322.56
322.56 323.28
323.28 326.48
326.48 330.16
330.16 330.80
330.80 331.84
331.84 332.44
332.44 335.04
335.04 337.84
337.84 340.44
340.44 343.24
343.24 345.20
345.20 347.64
347.64 350.92
350.92 353.92
353.92 356.96
356.96 359.60
359.60 361.76
361.76 362.32
362.32 362.64
362.64 363.00
363.00 365.08
365.08 367.80
367.80 369.32
369.32 370.44
370.44 377.44
