0.11 3.33
3.66 5.62
5.82 9.17
9.84 13.13
15.02 21.53
22.26 26.31
26.55 32.66
33.91 36.13
36.60 39.46
40.28 42.06
42.44 44.46
44.91 46.20
47.77 51.82
52.17 54.91
55.97 58.08
58.28 60.22
61.20 66.71
67.15 68.13
68.53 72.35
73.48 75.42
75.77 78.17
78.40 79.68
80.26 83.62
84.91 87.46
87.84 90.88
91.00 92.60
92.82 96.51
97.51 102.97
103.37 105.46
105.84 107.51
108.28 109.24
109.51 111.93
112.15 113.93
114.26 116.66
117.95 124.31
124.88 129.91
131.33 133.26
133.60 134.97
135.37 138.46
138.82 141.00
141.20 142.86
143.17 145.40
146.86 148.37
149.84 150.84
151.06 152.71
152.95 156.84
156.88 159.57
160.02 162.86
162.97 163.86
164.11 166.33
166.64 168.64
170.24 171.77
172.33 173.20
173.51 174.86
175.04 177.20
177.62 179.33
179.60 181.31
181.71 183.77
184.93 187.06
187.53 189.64
191.04 192.48
194.13 198.57
198.91 202.02
202.20 204.73
205.11 209.15
210.33 211.00
211.86 212.64
213.26 214.51
216.08 218.73
219.04 223.77
224.73 227.13
227.33 233.86
234.64 242.62
243.02 246.13
247.15 248.17
248.77 249.68
250.00 251.53
251.73 256.04
257.66 261.26
261.55 265.73
267.06 269.04
269.55 272.20
272.71 274.82
275.11 277.26
277.71 281.26
281.84 287.35
288.42 290.17
291.37 294.11
294.42 297.22
297.68 300.08
300.35 303.71