0.24 0.97
1.35 2.08
2.15 3.66
4.40 6.35
6.93 9.82
10.15 12.00
12.73 13.33
13.88 14.35
15.46 16.75
16.97 19.33
19.71 20.68
20.97 22.46
22.84 24.86
26.04 26.91
27.48 29.35
29.73 31.46
31.75 33.55
33.86 35.62
36.15 37.40
37.51 39.31
39.46 41.02
41.35 44.73
45.48 49.97
50.91 53.77
54.44 58.11
58.28 59.97
60.88 63.84
64.82 66.95
67.55 68.66
69.00 70.33
70.82 73.24
74.60 75.11
75.57 76.15
76.71 77.80
78.57 79.44
80.13 81.64
83.28 86.26
86.26 88.00
88.64 93.44
93.44 95.22
95.88 100.37
101.04 103.26
103.68 107.37
108.71 109.71
110.11 110.84
111.00 113.11
113.60 115.75
116.17 119.53
119.93 120.80
121.40 123.57
123.88 125.15
125.44 128.86
129.22 133.06
133.37 135.57
136.93 137.35
137.80 138.53
138.97 139.95
140.26 142.60
143.55 147.31
148.82 150.86
151.97 155.91
157.04 158.13
158.97 160.88
161.93 163.66
164.20 166.60
167.00 168.77
170.75 172.97
173.28 175.02
175.44 177.33
177.57 179.44
179.64 181.84
181.91 185.00
185.80 186.84
187.15 188.60
188.82 190.48
191.42 192.42
192.66 196.24
197.00 198.46
198.88 201.75
202.31 207.02
207.73 209.97
212.20 214.91
215.24 217.24
217.42 218.55
219.37 222.04
222.46 224.37
224.82 227.02
228.24 231.82
232.46 238.11
238.91 240.91
241.57 244.53
244.86 249.55
250.60 253.80
254.73 256.66
256.86 257.97
258.64 261.46
261.73 262.80
263.37 264.66
264.91 267.33
267.62 269.60
270.24 272.60
272.80 275.84
276.20 277.35
277.55 278.71
278.84 280.22
281.15 285.57
286.42 289.68
289.93 291.93
292.62 294.22
294.64 295.44
295.71 296.88
297.35 298.88
299.15 300.93
301.46 305.31