0.17 2.33
2.71 5.00
5.60 7.15
7.82 10.26
10.68 13.22
14.35 17.40
17.73 19.11
19.86 23.37
23.46 24.08
24.37 25.71
26.00 29.68
29.93 31.68
33.51 36.00
36.24 38.55
39.00 41.04
41.28 42.88
43.97 46.15
46.75 48.42
48.75 51.84
53.95 55.71
56.35 58.04
59.40 62.53
62.66 64.82
65.44 66.60
66.77 68.31
68.51 70.46
71.55 73.91
74.26 76.95
77.28 79.02
79.24 82.35
82.51 85.13
85.28 88.15
88.26 91.88
92.80 93.82
94.13 95.20
95.64 96.75
97.40 100.28
100.64 101.51
101.93 105.77
105.95 107.51
107.51 110.71
113.22 114.57
114.84 115.77
115.86 117.57
117.73 119.04
119.13 120.22
120.51 121.48
121.97 123.31
123.64 125.31
126.15 128.26
128.60 131.08
131.44 135.84
136.53 137.40
137.75 138.57
139.11 143.26
143.44 144.24
144.62 149.00
149.00 149.75
151.40 155.13
155.44 156.31
157.13 159.64
160.17 161.17
162.26 165.68
166.66 171.53
171.95 173.28
173.73 177.02
178.26 179.86
180.08 183.22
183.84 186.75
187.40 188.13
188.44 191.11
191.60 194.04
195.37 198.13
199.00 199.80
200.06 201.13
201.24 202.08
202.31 203.53
204.68 207.08
207.26 207.82
208.75 212.86
213.11 213.86
214.06 217.28
218.08 218.64
218.93 221.00
221.15 222.20
223.02 224.35
225.08 226.06
226.42 227.11
229.20 234.35
235.28 237.93
238.46 239.93
240.46 245.06
246.35 248.97
249.26 252.06
253.55 254.95
255.40 256.64
258.33 261.88
262.24 264.26
265.57 267.33
267.84 270.51
271.13 274.66
274.93 277.51
278.68 282.42
283.02 284.55
284.91 287.31
287.93 293.51
293.93 295.42
295.64 297.42
298.46 302.93
303.42 305.40
305.73 308.24
309.04 310.86
311.13 312.24
312.42 314.46
315.46 317.80
318.40 320.15
320.26 324.20