0.28 2.06
2.75 7.71
8.48 10.66
11.02 14.20
14.80 17.06
18.28 20.13
20.71 22.80
23.04 24.13
24.33 25.24
25.53 26.82
27.28 28.42
28.84 30.26
30.66 32.57
33.60 34.82
35.82 37.73
38.68 43.06
43.82 45.13
45.46 46.86
47.13 49.13
49.53 51.40
52.26 54.04
54.93 57.91
58.66 60.08
60.44 64.04
65.08 70.68
71.11 71.91
72.28 74.60
74.97 76.33
76.60 81.11
81.44 87.08
87.26 89.35
89.88 94.60
96.40 97.93
99.06 101.40
102.95 104.13
104.60 107.04
107.35 108.93
109.35 110.48
110.77 113.06
113.48 116.31
117.97 120.20
120.66 122.02
122.46 124.68
124.84 126.15
126.73 128.73
129.24 132.06
132.53 137.11
137.44 138.37
138.93 140.08
140.42 142.40
142.73 147.64
147.91 149.95
150.33 152.28
154.08 156.62
156.95 159.97
160.84 164.28
165.06 165.97
166.11 167.44
167.60 168.68
169.33 171.84
172.82 177.11
177.46 178.22
178.75 181.66
182.15 183.66
184.20 186.93
187.17 191.06
191.64 193.02
193.24 195.00
196.13 202.53
203.28 207.46
207.91 210.77
210.97 212.62
212.84 215.06
215.48 217.08
217.37 219.82
220.20 222.66
222.93 224.46
225.40 229.17
229.66 231.88
232.31 235.02
235.31 236.88
237.13 238.84
239.06 241.64
242.15 243.77
243.95 246.04
247.00 250.91
251.35 255.48
255.82 262.46
262.51 264.75
265.13 267.46
267.82 268.48
269.00 270.02
270.15 273.37
273.91 278.26
278.37 279.11
280.02 287.02
287.40 290.51
290.82 295.17
295.53 301.26
301.28 302.51
303.53 306.55
306.80 308.84
308.95 310.57
311.20 311.84
312.17 313.88
314.13 315.44