0.24 4.15
4.80 6.35
6.88 8.06
8.53 12.00
12.22 13.73
14.71 16.93
17.97 21.55
22.33 23.82
24.84 26.95
27.17 29.20
29.86 33.00
33.31 34.28
34.97 36.13
36.77 39.48
39.91 41.97
43.55 44.64
45.26 46.93
47.13 48.37
48.88 52.04
53.46 55.73
56.24 58.51
59.04 60.84
61.04 62.37
63.08 65.08
66.28 68.26
68.75 70.53
71.11 73.48
73.84 75.95
76.42 77.95
79.68 81.88
82.35 84.51
85.00 88.13
88.42 89.93
90.75 92.40
92.75 94.00
95.31 97.93
98.13 100.06
100.68 103.28
103.68 106.77
107.28 107.97
108.40 109.86
110.40 112.93
113.24 114.33
114.57 117.06
118.37 119.48
119.60 121.08
122.00 126.62
126.95 128.82
129.00 131.00
131.35 133.88
134.15 135.35
136.11 137.51
137.91 140.13
140.64 142.91
143.33 145.40
147.11 149.13
151.24 154.28
155.04 156.88
157.68 160.68
161.11 163.26
163.60 166.75
168.86 172.53
173.17 175.20
175.44 176.33
176.84 178.42
179.11 181.60
182.33 183.97
184.46 186.42
186.68 190.15
190.55 191.88
192.55 197.02
197.31 198.75
199.08 201.20
202.75 206.53
207.13 209.44
209.68 212.35
213.08 214.57
215.95 218.40
218.97 220.40
221.46 222.86
223.42 224.86
225.02 227.22
227.53 229.35
229.88 231.24
231.82 234.35
234.55 235.75
235.88 236.51
237.13 238.62
239.77 240.48
241.55 243.06
244.02 245.73
246.57 248.17
248.80 251.57
252.46 254.00
256.64 258.13
258.53 259.42
260.26 261.06
262.33 264.00
264.71 266.26
266.80 268.73
269.97 274.35
274.84 275.73
276.08 276.95
277.15 278.60
279.26 282.28
282.95 283.68
284.60 287.40
287.80 290.37
291.04 291.88
292.93 294.75
295.31 296.80
297.17 299.35
299.71 302.40
302.91 303.64
303.77 304.62
304.80 308.86