0.10 1.35
3.71 6.20
9.66 12.02
12.66 14.73
15.42 16.51
17.00 17.68
18.02 18.73
19.24 19.82
20.17 21.88
22.75 24.06
24.31 26.24
26.86 28.24
29.26 31.62
32.00 33.00
33.93 35.24
35.51 40.77
40.88 43.00
44.55 46.02
46.17 47.17
47.97 52.00
52.37 54.84
55.53 59.60
60.46 65.62
67.82 69.42
69.66 71.24
71.60 72.62
73.13 74.82
75.55 79.60
80.51 82.44
82.91 84.51
85.08 86.68
86.95 89.48
90.46 93.33
93.71 95.17
95.46 97.35
98.08 99.35
100.40 101.68
102.71 104.97
105.26 107.28
108.28 111.22
111.48 113.53
114.64 117.08
117.28 119.95
120.20 122.42
123.24 125.40
125.60 126.71
128.26 129.84
130.33 133.91
134.17 135.62
136.51 138.51
139.37 141.84
142.35 143.31
144.08 145.68
145.84 148.71
149.17 152.93
154.75 157.53
157.62 158.44
158.88 161.53
162.84 165.11
165.88 168.97
169.48 172.44
173.22 174.75
175.24 181.80
182.20 185.28
185.66 187.60
189.13 191.08
191.40 192.22
192.77 194.71
194.97 196.80
197.46 199.73
201.15 204.51
204.88 207.91
208.20 211.44
212.20 215.17
215.53 216.37
217.24 221.84
222.04 224.17
225.46 226.97
228.31 229.17
229.68 232.20
232.84 234.73
235.08 239.35
240.44 242.15
242.55 244.80
245.75 248.42
249.91 251.46
251.66 252.48
252.97 256.88
257.02 258.08
258.24 259.82
260.51 262.44
263.33 264.44
264.60 265.71
265.95 268.51
268.62 271.62
272.64 275.64
275.80 280.68