0.10 3.64
3.75 6.64
6.88 9.22
9.42 11.33
11.77 13.33
13.64 15.33
15.55 17.04
17.31 19.80
19.97 21.28
21.42 23.46
23.88 24.95
25.22 26.66
26.95 28.51
29.88 31.13
31.77 34.20
34.64 35.95
36.97 37.60
37.77 38.75
39.51 41.95
42.75 45.40
45.77 48.20
49.44 50.97
51.06 56.75
57.66 62.80
63.75 67.40
67.66 69.26
69.66 70.97
71.97 73.93
74.60 77.22
78.28 81.20
81.53 85.31
86.17 88.31
88.91 91.26
91.77 93.68
95.20 95.80
96.26 104.15
104.64 105.51
106.02 108.22
108.73 109.51
110.64 113.22
113.51 114.11
115.42 117.57
117.97 119.02
120.28 124.40
124.86 127.40
128.00 130.17
130.73 131.97
132.15 132.77
133.57 136.95
137.28 140.62
142.60 147.22
147.88 148.80
149.68 150.62
151.08 152.53
153.26 155.95
156.31 157.37
157.66 158.82
159.40 162.68
163.11 164.53
164.93 166.11
166.37 168.40
168.93 170.80
171.11 172.55
173.02 175.08
175.71 177.35
177.68 179.57
179.75 181.26
182.24 184.15
184.33 185.04
185.28 186.33
186.93 188.37
188.60 189.51
189.86 191.20
191.40 192.75
193.26 197.62
198.08 201.33
203.22 205.86
206.37 208.37
208.62 209.86
210.06 211.37
211.88 214.55
215.66 217.60
217.93 219.31
219.62 222.82
223.88 227.42
227.55 228.55
228.88 232.82
234.60 236.93
237.40 240.60
240.91 242.35
242.86 245.37
245.75 247.62
248.91 250.55
251.00 254.11
254.55 261.62
262.66 265.86
266.00 267.77
268.22 271.33
272.22 274.82
275.37 280.15
280.15 281.17
281.71 284.46
285.77 290.82
291.08 291.93
292.48 295.64
296.71 301.24