0.08 3.82
4.00 4.62
4.95 6.00
6.33 9.57
10.31 11.80
12.04 13.26
13.55 15.95
16.11 22.80
24.17 24.91
25.82 27.53
27.82 28.66
29.08 33.11
35.02 36.86
37.24 38.31
38.82 43.80
44.48 46.11
46.42 47.84
48.20 51.08
51.88 52.95
53.37 56.53
56.95 57.86
58.31 59.20
60.13 62.35
63.02 65.46
65.80 70.33
70.62 73.68
74.40 77.20
77.51 82.91
84.40 89.86
90.73 95.62
96.57 99.17
99.46 101.42
102.28 106.11
106.28 108.04
110.66 112.80
113.13 118.95
119.40 123.28
124.11 126.91
127.11 131.40
132.42 133.55
134.06 135.00
137.55 143.46
144.31 147.15
147.93 151.75
152.15 154.17
156.02 158.86
159.17 161.06
162.40 166.60
167.42 170.06
170.64 173.22
173.53 175.28
176.73 180.48
181.20 182.62
183.82 187.06
187.97 190.97
191.44 192.97
193.24 195.48
196.53 200.00
200.88 204.17
204.55 210.15
210.66 213.91
214.62 217.68
218.02 220.46
223.17 224.20
224.55 225.55
225.95 226.62
226.91 230.73
231.24 232.73
233.11 234.17
234.40 236.46
236.51 239.00
240.13 241.57
241.97 243.00
243.42 245.88
246.04 248.84
249.11 251.22
252.80 255.88
256.31 260.02
260.71 261.75
261.88 263.13
263.44 267.48
267.77 271.17
271.97 276.42
276.93 280.17
280.48 285.31
285.55 287.13
287.84 288.60
289.17 289.80
290.11 290.84
290.97 292.84
293.44 298.44
298.93 304.02