0.26 4.71
5.62 7.88
8.35 10.24
10.62 14.24
14.48 15.08
15.55 19.33
20.57 22.77
23.82 26.33
27.28 30.37
30.60 32.84
33.66 34.84
35.08 37.60
37.91 40.00
40.82 42.11
42.35 43.42
43.82 45.91
46.31 49.15
49.88 52.73
53.57 55.95
56.40 59.53
59.91 62.20
62.46 63.95
64.20 67.28
68.57 69.71
69.82 71.71
72.60 75.06
75.75 77.97
78.46 80.95
81.55 85.06
85.80 87.35
87.88 90.33
90.46 91.51
93.84 96.37
97.24 100.37
101.71 103.91
104.35 105.53
106.15 108.22
108.93 112.82
114.17 117.46
119.06 122.00
122.53 124.77
125.26 127.17
127.60 130.82
131.93 133.80
134.22 135.95
136.46 137.53
137.66 143.06
144.37 147.60
147.93 150.35
150.55 151.75
153.60 156.48
158.06 160.17
160.28 162.95
163.02 167.40
167.57 170.02
170.11 172.20
172.42 176.57
177.22 181.64
182.02 183.26
183.44 184.31
184.40 186.55
188.55 190.82
191.51 194.17
194.22 196.62
196.91 199.08
199.40 201.97
201.97 204.42
204.64 206.28
207.22 209.20
209.80 211.31
211.55 213.64
214.00 218.64
219.48 221.24
221.71 224.13
224.57 226.13
226.73 228.24
229.06 230.73
231.04 232.46
234.35 243.53
243.95 248.55
248.73 251.60
251.73 254.15
254.22 259.20
259.40 261.88
262.13 264.42
264.51 266.37
266.53 269.48
269.55 270.35
272.51 273.53
273.75 274.62
275.33 277.40
278.35 280.40
280.93 282.26
282.53 284.00
285.68 288.55
289.31 292.57
293.06 295.48
295.64 297.80
298.80 300.33
300.80 305.24
305.91 307.15
308.44 310.04
310.15 312.97
313.28 314.82
315.33 316.88