1.34 2.38
6.76 7.76
12.85 13.85
17.15 18.9
19.69 21.74
22.19 24.07
24.24 26.78
27.49 30.29
31.62 35.08
37.04 38.8
39.05 40.13
40.38 42.63
42.8 44.26
44.34 47.09
48.3 49.39
49.56 50.89
50.97 54.56
55.81 58.44
58.61 61.15
61.23 62.23
63.53 66.99
67.16 68.78
68.87 72.29
73.37 75.71
77.67 79.92
81.55 83.38
83.59 84.92
85.01 87.93
88.01 89.09
93.52 95.81
96.85 99.19
100.15 103.07
106.36 108.99
109.24 112.33
112.49 114.83
115 118.04
118.21 120.09
120.17 122.46
123.67 126.55
127.26 130.39
130.47 131.47
131.55 133.76
134.14 137.35
137.98 139.56