9.8 10.8
10.89 12.51
12.6 16.18
17.6 18.6
19.44 21.36
21.44 22.56
28.99 30.07
39.08 40.21
43.67 45.75
62.4 63.48
71.66 73.16
74.07 75.37
75.45 77.12
77.87 81.29
82.71 85.75
88.71 91.63
93.09 96.22
98.56 100.52
101.27 103.23
105.11 107.48
107.65 109.98
110.49 111.57
111.65 113.49
115.03 116.53
117.74 119.2
119.29 120.33
121.12 124.96
125.67 127.13
127.21 128.84
131.59 132.59
138.22 139.22
142.52 143.56
143.64 145.9
145.98 147.06
148.4 150.73
151.53 153.86
154.86 158.58
163.37 164.37
169 170
170.09 171.17
176.68 177.68
178.68 179.68
180.89 182.89
182.97 183.98
184.48 185.56
186.9 187.98
191.15 192.28