6.99 8.75
8.91 12.54
12.71 13.71
13.88 15.21
15.29 16.55
16.63 17.76
19.55 20.55
20.63 22.51
22.59 24.26
24.35 25.97
26.06 27.39
27.47 28.6
29.14 32.31
32.48 34.4
34.56 35.65
35.73 36.73
36.9 40.15
40.24 41.24
41.32 42.32
42.4 44.41
44.57 45.91
46.28 47.37
47.54 48.99
49.08 50.33
50.7 51.91
52.08 54.25
54.42 55.42
55.84 56.84
56.92 58.63
58.8 61.01
61.17 65.51
65.68 68.22
68.31 69.31
69.39 70.39
70.47 71.47
71.56 75.48
75.65 76.65
77.65 79.11
79.19 80.23
80.53 83.82
83.99 85.91
86.07 87.74
87.91 89.29
89.45 90.79
90.95 92.04
92.2 93.54
93.71 95.5
95.67 97.21
97.38 99.5
99.67 101.38
101.55 104.09
104.26 105.93
106.09 107.93
108.1 109.97
110.68 112.27
112.43 116.1
116.27 118.4
118.56 120.94
121.11 122.57
122.65 123.65
123.74 124.82
124.9 127.16
127.99 130.79
130.99 132.91
132.99 134
135.04 136.25
136.33 138.33
138.42 139.96
140.13 141.75
141.84 143.55
143.76 146.63
146.76 147.93
148.09 149.26
149.47 151.22
151.39 152.47
152.64 156.27
157.02 158.94
159.02 160.02
160.19 161.94
162.11 163.94
164.03 167.15
167.24 168.57
168.66 169.66
169.87 171.37
171.45 172.83
172.91 174.58
175.2 176.29
176.45 178.62
179.33 181.29