3.56 5.23
5.4 7.07
7.15 9.07
9.53 12.91
13.11 14.57
16.95 18.58
18.91 21.08
21.25 23.96
24.25 26.25
27 28.25
29.13 30.13
30.63 31.63
34.43 37.89
42.23 43.56
43.73 45.19
45.4 47.82
47.9 48.98
51.11 53.24
58.45 59.5
59.66 61.41
61.5 63.71
63.87 65.96
66.04 68.96
69.13 70.97
71.13 72.93
73.09 75.09
75.43 79.22
79.39 80.39
80.47 81.52
81.68 83.56
83.73 85.98
91.24 93.07
93.24 95.78
95.95 97.2
97.37 98.83
98.91 101.5
101.58 102.58
103.66 105.92
106 107
107.08 108.42
108.59 110.75
110.92 112.17
112.76 114.09
115.72 117.93
119.01 120.47
123.93 125.44
125.52 126.52
126.6 128.15
129.06 130.19
136.45 138.62
138.78 140.16
140.33 141.37
141.53 142.95
143.04 145.08
145.25 147.5
150.08 151.09
151.59 153.59
154.38 155.51
157.38 159.47
159.64 161.01
161.1 163.14
164.27 165.39
168.35 169.35
169.77 170.86
171.19 172.4
174.03 175.03
188.33 189.33
189.42 190.63
197.26 198.3
198.38 199.93
201.68 203.05
203.76 204.89
205.93 208.39
208.56 209.9
210.06 211.94
212.11 214.77
214.94 217.03
217.57 218.99
219.15 221.07
221.24 223.49
223.58 225.03
225.2 228.16
228.33 229.62
229.92 232.96