0.62 1.83
2.38 4.3
4.8 5.8
5.96 6.96
8.42 10.34
10.51 12.68
12.85 14.39
14.56 15.64
15.72 17.14
17.23 19.14
19.31 20.9
21.06 22.35
24.06 25.77
25.94 27.4
27.57 30.2
30.28 31.91
31.99 32.99
33.07 34.41
34.58 36.33
36.49 38.87
38.96 41
41.17 44
44.84 46.34
46.5 48.21
48.38 49.38
56.22 58.6
58.68 60.19
60.27 62.06
62.15 63.65
63.81 64.9
65.06 66.27
66.36 67.36
67.44 68.94
69.03 70.03
75.74 76.74
76.99 78.08
79.33 80.75
80.83 82.87
87.67 88.8
89.09 90.8
93.68 95.85
96.01 97.64
97.81 99.35
99.52 100.64
100.85 102.6
102.69 103.69