0 1.04
5.29 6.42
25.9 27.61
28.19 29.19
29.28 30.82
30.99 32.36
32.53 34.36
34.53 35.74
35.91 37.03
37.2 39.91
40.08 41.25
41.33 42.79
43.83 44.83
44.92 46.08
46.54 47.54
47.71 48.71
50.05 53.13
53.22 54.22
54.38 57.3
57.47 59.72
59.89 62.81
62.89 63.89
64.06 65.69
65.89 68.56
68.73 70.98
71.69 73.07
74.24 76.11
76.78 80.33
80.49 81.49
81.58 82.58
82.66 83.66
85.04 86.42
86.62 87.62
87.79 89.75
89.92 92.38
92.55 93.88
94.05 95.51
95.59 96.8
96.97 98.34
98.51 100.31
100.47 101.81
101.97 103.52
103.68 104.73
104.89 108.44
108.52 109.52
109.61 112.03
112.11 113.11
113.44 114.44
114.53 115.95
116.11 118.49
118.87 119.87
120.37 121.37
122.45 123.91
124.08 126.54
128.12 129.46
129.54 130.54
130.63 132.54
132.63 134.46
134.71 136.17
136.34 138.89
138.97 140.09