0.72 1.84
4.31 5.35
10.1 11.1
12.1 14.11
17.86 18.94
31.29 32.37
43.09 44.09
56.98 57.98
59.32 60.32
60.61 62.36
64.57 65.57
65.66 66.78
66.87 68.62
68.7 71
72.87 74.79
79.09 80.17
80.88 81.92
82.05 83.05
85.09 86.09
89.89 90.89
90.97 93.43
95.27 96.77
102.74 103.82
104.53 105.74
106.45 107.45
110.62 111.62
117.79 118.88
122.67 123.76
129.68 130.68
138.52 139.61
141.9 142.9
147.07 148.16
151.41 153.29
155.71 157.37
157.92 160.46
161 162.17
162.34 165.01
165.17 166.72
166.8 168.76
169.09 170.35
170.68 172.64
172.72 173.72
174.06 175.06
175.14 176.18
177.27 178.27
178.4 179.48
181.07 182.15
185.03 186.07
189.7 190.78
191.12 192.2
194.37 195.37
204.96 206.17
209.01 210.05
210.64 211.64