2.59 5.89
6.05 7.14
7.35 9.06
9.22 11.23
11.39 14.1
14.27 16.73
16.94 18.15
18.32 19.86
19.94 20.94
21.03 24.03
24.11 25.11
25.32 28.74
28.83 29.83
30.2 31.2
31.29 32.87
32.96 34
34.17 36.63
36.71 38.21
38.29 39.29
39.38 42.13
42.3 43.34
43.51 45.18
45.38 46.93
47.43 49.06
49.97 53.18
53.35 55.1
55.19 56.31
61.36 62.44
67.66 68.66
81.38 83.55
83.76 86.3
86.38 87.51
87.59 89.01
91.43 93.6
93.85 95.06
96.94 100.4
100.56 101.65
102.11 104.44
105.07 106.7
106.95 108.57
109.12 110.62
110.7 111.7
111.78 112.79
112.87 114.12
115.2 116.33
117.96 119.79
119.88 120.88