2.55 3.64
5.43 7.18
7.26 8.26
9.22 10.22
11.81 12.81
14.35 15.81
15.98 17.27
17.44 18.65
18.73 19.86
19.94 20.94
21.03 22.07
22.15 23.45
25.2 26.74
27.53 29.16
30.41 31.54
32.46 34.96
35.79 36.79
37.84 39.59
40.26 42.09
42.17 43.18
43.3 44.72
45.26 46.51
46.89 48.35
48.51 49.56
49.72 51.39
51.47 52.89
53.06 54.81
54.98 56.44
56.61 58.32
58.4 60.07
60.15 62.49
62.78 64.24
64.61 66.07
66.24 68.2
68.37 69.66
69.74 71.83
71.99 73.08
73.25 75.58
75.67 76.83
77 78.88
79.04 81.8
81.96 85.09
85.93 87.01
87.18 88.89
88.97 91.1
91.26 93.43
93.98 96.48
96.64 97.9
98.06 100.4
100.57 102.03
102.19 103.94
104.03 105.28
107.03 109.03
111.74 112.87
114.91 115.91
116 117.58
117.75 120.46
120.54 121.55