8.47 10.43
10.6 11.68
11.85 13.6
13.77 17.27
17.36 18.36
18.44 19.48
19.57 21.23
21.4 22.86
22.94 24.15
24.24 25.24
27.2 30.24
30.49 32.04
32.2 34
34.79 36
38.08 39.75
39.84 40.84
41.3 42.3
42.38 43.8
43.88 44.88
44.97 45.97
46.3 47.43
50.01 52.1
52.26 55.73
55.81 56.81
56.89 57.9
58.02 59.52
59.61 60.61
60.69 61.73
61.82 62.82
62.9 64.11
64.28 65.74
65.82 66.82
66.9 67.99
69.57 70.82
72.87 73.91
74.08 77.37
77.54 80.5
80.67 81.88
82.04 84.26
84.42 85.88
86.09 88.26
88.43 90.47
90.55 91.55
91.64 93.18
93.26 94.35
94.43 96.6
97.06 99.1
100.02 102.11
102.19 103.36
103.44 104.48
104.57 106.28
106.44 108.11
108.28 111.24
111.41 112.87
112.95 115.74
115.91 117.04
117.12 118.16
118.25 119.5
119.58 121.92
122 124.46
124.55 126.55
126.71 127.92
128.09 129.97
130.13 131.89
131.97 132.97
133.05 136.43
136.6 138.93
139.1 140.65
140.81 144.27
144.36 145.36
145.73 146.78
146.86 148.07
148.15 149.15
149.74 150.78
151.49 152.57
153.03 154.16
154.24 155.24
155.33 156.7
156.79 158.04
158.2 159.62
159.7 161.04
161.21 162.21
162.42 165.71
165.88 167.63
167.8 170.05
172.72 174.09
174.55 177.56
177.85 178.89
188.36 189.36
189.44 191.65
191.82 193.45
193.53 194.78
194.95 196.45
196.62 198.12
198.29 200.25
200.41 202.91
205.29 206.29
208 209.01
209.17 211.34
211.51 213.43
213.51 214.51
214.68 216.51
216.59 217.6
217.76 220.56
220.72 224.69
225.69 226.81
227.73 228.73