0 1.17
6.17 7.72
8.38 9.8
10.18 11.43
12.3 13.64
13.72 15.27
15.35 16.39
21.23 23.32
23.48 24.48
24.65 26.03
26.11 27.24
27.32 29.57
30.32 31.32
31.41 34.16
34.33 36.29
37.04 38.33
39.21 40.67
42.25 43.25
43.34 44.75
50.09 51.59
52.43 54.1
55.81 56.81
59.85 60.85
64.86 66.23
66.61 67.98
68.11 69.11
69.19 72.11
72.24 73.24
73.49 74.91
76.58 77.95
78.37 79.96
80.33 81.33
81.42 82.42
82.96 83.96
85 86
87.13 88.84
88.92 90.51
92.38 95.85
96.22 97.51
97.6 98.68
98.77 99.89
99.98 100.98
101.06 103.81
104.27 105.4
105.73 106.94
107.02 108.73
108.82 109.94
113.11 116.03
116.2 118.87
118.95 119.95
120.33 122.67
122.75 124.46
125.17 126.17
126.25 127.25
127.71 128.75
131.8 133.09
137.14 138.14
138.85 140.1
142.85 144.06
149.28 150.36
150.98 152.94
153.11 154.28
154.45 155.45
163.46 164.67