4.5 7
7.17 9.17
9.34 12.09
12.38 14.34
14.51 16.8
16.97 18.51
18.68 20.14
20.22 21.55
21.64 23.22
24.77 28.85
30.98 33.27
33.78 35.19
35.36 36.61
36.86 38.2
38.28 39.66
40.37 41.37
41.45 43.37
43.45 44.5
44.58 47.21
47.29 48.33
49.21 52.29
52.5 53.63
53.71 56.63
57.01 58.13
60.97 63.05
63.6 66.23
66.31 67.31
67.81 68.89
69.48 70.6
70.77 72.27
73.94 75.69
75.86 77.86
78.03 80.78
80.95 82.24
82.32 84.04
84.2 85.33
85.7 88
90.75 92.96
93.04 94.05
94.13 95.13
95.21 96.21
96.3 97.51
97.67 99.8
99.88 101.68
101.84 102.89
102.97 104.18
104.35 105.89
105.97 107.06
107.6 109.27
109.44 110.85
110.94 112.65
112.81 114.73
115.07 116.86
117.98 119.07
119.99 122.24
122.41 124.16
124.57 126.49
129.25 131.25
131.54 132.75