0.59 2.75
2.88 4.09
29.66 31.78
31.99 33.49
33.83 35.62
37 38.92
39.75 43.21
47.17 48.17
49.47 52.26
52.64 54.26
55.22 56.52
57.14 59.02
61.23 63.07
63.44 66.28
66.44 69.61
70.2 72.07
73.07 74.91
75.87 77.33
78.33 79.87
80.62 83.17
84.04 85.3
86.09 88.42
89.76 91.39
91.47 92.68
95.01 99.1
100.06 102.4
103.56 104.77
108.69 111.15
111.74 114.41
114.57 117.58
122.67 124.46
125.54 127.55
127.63 128.63
130.3 131.84
132.43 134.01
134.09 135.76
135.85 137.51
139.93 141.35
142.94 144.31
151.61 153.53
154.24 156.99
157.53 159.66
160.54 162.75
163.25 165.54
165.83 166.92
167.46 168.75
169.46 171.8
172.38 174.22
174.38 176.35
176.43 178.3
178.76 180.6
181.06 182.31
191.36 192.65
205.21 206.29
206.38 208.5
209.92 211.21
213.51 215.13
216.01 217.47
218.1 219.51
219.6 221.52
221.6 222.6
224.56 225.98
230.19 232.44
232.53 234.03
234.49 238.45
238.61 240.37
240.45 241.62
242.62 243.66
244.83 245.91
252.25 254.38
254.72 257.18
257.26 259.8
259.97 261.22
261.39 262.89
263.06 265.22
265.43 266.81
266.89 268.14
268.23 271.9