0.78 1.95
10.75 11.75
12.42 14.29
15.38 17.46
17.63 19.13
19.3 21.05
23.51 26.35
27.18 28.18
31.14 32.14
41.53 42.61
45.2 46.2
47.37 48.58
48.75 50.66
50.75 51.75
51.83 52.83
56.54 59.09
59.46 60.92
61.09 63.63
63.8 65.14
65.3 66.3
66.6 68.68
68.85 71.43
72.1 75.23
81.53 82.53
82.61 83.61
83.7 85.62
85.78 87.12
87.58 89.29
89.45 91.33
92.12 93.37
95 96.71
96.79 98.17
100.59 101.59
101.67 102.67
111.97 113.23
114.43 115.44
116.73 117.73
117.81 118.81
123.28 125.45
127.45 128.49
134.71 135.79
140.71 142.5
143.09 144.47
145.22 147.47
147.55 149.14
150.18 152.89
152.97 153.97
154.06 155.39