1.67 2.8
6.01 7.09
8.22 9.22
10.6 11.6
12.6 13.85
18.36 20.36
24.19 25.28
26.61 28.62
29.91 30.91
36 38
44.01 45.01
49.01 50.35
51.47 53.56
54.02 55.06
57.52 59.27
64.07 65.07
65.82 66.9
69.45 70.45
70.53 71.99
74.66 75.66
77 78
79 81.38
81.46 82.96
88.26 89.72
90.14 92.72
94.1 96.18
96.27 97.43
98.31 99.77
99.85 100.98
101.06 102.06
104.4 107.4
108.7 110.82
110.99 112.24
112.32 113.41
113.53 115.49
117.25 118.25
118.33 119.33
121.46 122.46
124.67 125.67
125.75 127.09
127.42 130.26
131.43 132.43
134.1 136.1
136.43 137.43
137.52 138.52
138.6 140.48
140.56 141.6
142.23 143.31
144.82 146.11
147.23 148.82
156.58 157.58
159 160.12
161.66 163.67
171.13 172.34
173.55 175.05
177.35 178.35
178.43 179.43
180.64 182.23
182.31 184.23
184.4 185.61
185.69 186.98
187.07 189.11
189.9 190.94
191.03 192.4
192.49 193.99
195.57 197.16
198.28 199.83
200.5 203.62
209.96 211.3
213.22 214.59
214.76 216.3
216.39 217.43
217.51 219.77
219.89 222.14
223.02 224.6
230.73 232.78
233.57 234.57
235.86 237.2
241.58 242.7
243.41 244.41
244.5 245.5
248.71 249.71
251.46 253.17
253.26 254.51
254.59 256.09
256.26 257.97
258.05 259.39
259.47 260.47
260.56 261.56
261.64 263.52
263.6 265.06
265.14 266.27
269.32 270.73
272.78 274.03
275.2 277.74
278.49 280.03
284.41 285.66