2.37 4.79
4.96 6.83
7 8.67
8.84 10.38
11.17 12.17
13.55 14.68
15.55 16.72
17.93 19.31
19.39 20.85
21.6 22.64
22.73 24.64
30.82 32.19
34.9 36.91
38.32 39.87
40.95 43.75
44.29 46.08
46.92 48.38
51.25 52.88
53.01 55.34
55.43 58.05
58.14 61.01
61.1 62.14
62.22 64.98
65.14 68.1
68.27 70.31
70.48 73.36
74.53 77.03
77.2 78.36
78.53 80.32
80.41 81.87
81.95 83.95
87.66 89.37
100.68 101.81
103.31 104.68
129.5 130.71
133.96 135.59
143.43 144.72
160.4 161.86
165.28 166.62
167.58 168.75
175.79 176.96
179.42 180.51
188.22 189.23
190.64 191.73
207.16 208.45
210.33 211.5
217.92 219.34
234.06 235.23