0.01 1.3
5.22 6.3
8.68 10.68
23.24 24.57
32.16 33.37
34.79 36.04
37.09 39.09
48.22 49.43
49.51 50.52
53.89 54.89
59.07 60.07
60.15 61.69
64.82 67.33
67.41 68.41
68.49 70.24
76.71 77.71
78.67 80
95.23 96.35
113 115.29
115.92 117
126.47 127.97
137.89 139.35
171.64 173.05
180.6 181.6
185.32 186.61
187.82 188.82
190.45 191.82
194.66 196.2
196.41 197.41
197.62 199.25
199.33 201.71
201.79 202.79
205.05 206.17
217.18 218.31
228.36 230.15
233.03 234.03
235.24 236.41
237.24 240.67
241.29 242.67
243.21 244.42
245.21 246.42
247.05 248.55
253.68 255.3
255.39 259.64
259.72 261.35
261.43 262.81
267.98 268.98
273.7 274.74
276.99 278.12