1.6 2.6
5.89 6.98
9.19 10.23
19.91 21.33
21.41 22.41
22.5 23.83
24 25.25
25.41 27.62
27.71 29.21
29.38 32.84
32.92 35.42
35.59 38.14
38.3 41.26
41.43 42.93
43.35 44.47
44.64 47.14
47.31 49.35
49.52 52.36
52.69 54.32
54.48 57.32
57.41 59.28
59.45 60.74
60.91 63.24
63.33 65.12
66.7 68.12
68.29 70.08
70.25 73.13
73.21 75.42
75.51 76.51
76.59 79.8
79.97 82.14
82.22 84.35
84.43 85.52
87.35 88.35
88.44 91.77
91.86 94.94
95.11 99.2
99.36 102.66
102.82 106.08
106.24 107.62
107.79 110.29
110.37 111.96
112.13 113.75
113.92 116.21
116.38 117.55
117.71 118.97
119.13 121.01
121.09 122.76
122.93 125.1
125.26 126.81
126.89 129.14
130.06 132.19
132.27 134.82
134.98 138.57
138.65 139.65
140.03 141.91
142.16 144.12
144.28 146.04
146.12 148.33
148.5 149.62
149.7 151.75
152.37 155.8
157.75 161.13
161.3 164.01
164.93 166.01
167.6 168.77
175.98 177.07