4.77 6.6
6.68 8.94
9.02 13.77
14.27 16.07
16.15 18.49
18.57 23.78
23.87 26.25
26.33 28.62
28.71 30.87
30.96 33.21
33.29 35.84
35.92 38.22
38.3 40.68
40.76 42.6
42.68 45.39
45.47 47.31
47.39 50.02
50.1 52.02
52.1 54.86
54.94 56.69
56.78 59.44
59.53 60.91
61.36 62.86
62.95 65.58
65.66 70.16
70.71 73.04
73.13 75.38
75.46 80.68
81.18 83.39
83.47 85.56
85.64 88.14
88.22 90.77
90.85 93.1
93.19 95.36
95.44 97.86
97.94 99.69
99.78 102.24
102.32 104.28
104.36 106.95
107.03 109.16
109.25 111.71
111.79 113.83
113.92 116.33
116.42 118.84
128.51 130.48
130.56 133.02
133.1 137.77
137.86 140.36
140.44 142.69
142.78 147.7
147.78 150.16
150.24 152.54
152.62 154.96
155.04 157.46
157.54 159.71
159.8 161.76
161.84 164.38
164.47 166.22
166.3 168.97
169.06 171.02
171.1 173.85
173.93 175.73
175.85 178.4
178.48 180.4
180.48 183.24
183.32 184.99
186.49 188.12
188.7 190.53
191.08 192.62
193.54 195.25