0.04 1.04
2.62 4.75
4.84 6.67
7.21 9.63
9.8 11.88
12.38 14.59
14.76 17.01
17.18 18.51
18.6 20.1
20.18 21.18
21.27 23.02
24.85 26.69
26.86 29.53
29.61 30.65
31.53 32.53
32.7 35.36
35.53 38.62
38.99 39.99
40.33 42.62
42.79 44.29
44.46 45.71
45.79 47.42
47.59 49.17
49.25 50.92
51.09 52.55
52.72 53.84
54.51 58.72
58.89 61.56
61.72 63.52
63.6 65.85
66.02 67.19
67.35 68.44
69.4 72.99
73.15 76.16
76.32 79.49
79.66 82.62
82.7 83.71
83.83 87.21
87.37 89.46
90.05 92.92
94.42 95.43
96.3 99.6
104.77 105.81
106.81 107.81
107.9 108.9
109.23 111.86
111.94 112.94
115.03 116.03
119.24 120.24
120.33 123.54
133.42 135.01