1.92 4
9.67 10.8
10.88 14.43
14.97 16.14
16.22 18.27
19.56 22.19
22.86 26.9
26.98 28.03
28.4 29.4
29.49 32.53
32.7 34.78
35.16 36.74
37.45 38.54
38.62 39.71
43.17 44.25
44.75 45.84
49.51 50.51
52.13 53.22
56.1 57.31
58.31 62.19
62.27 63.27
67.65 68.94
69.74 70.74
73.36 75.83
76.41 79.16
80.66 81.75
82.62 83.71
86.21 87.21
88.34 89.42
92.51 93.51
95.09 96.14
97.85 101.64
101.73 102.73
102.81 103.89
104.06 105.31
105.48 106.9
107.06 108.4
108.57 110.07
110.36 111.36
118.03 119.16
119.33 120.66
120.83 123.21
123.37 127.54
128.46 130.34
130.51 135.43
135.51 136.64
139.14 140.14
141.27 142.27
142.43 143.81
144.02 145.39
145.77 147.23
147.31 148.73
149.23 150.73
151.03 153.4
153.49 155.7
155.78 156.78