0.17 1.50
3.34 4.75
7.92 8.92
9.31 10.99
11.20 12.99
14.24 15.36
15.45 16.73
17.90 20.35
20.80 22.83
23.21 26.48
27.53 28.52
28.76 32.84
34.04 34.99
35.08 37.31
37.37 38.24
39.04 42.11
42.67 44.36
45.93 48.51
48.62 49.48
49.60 50.97
51.92 55.05
55.68 57.44
58.44 59.52
60.72 62.83
63.10 63.77
64.49 67.85
68.49 73.07
74.01 77.90
78.72 81.96
82.17 84.04
84.65 85.68
86.17 88.56
88.80 90.78
91.42 92.96
93.47 94.48
94.99 96.48
96.89 98.62
99.56 100.62
101.16 103.72
104.33 107.16
107.61 110.24
111.56 112.04
112.36 113.26
113.87 115.63
115.74 117.05
117.05 119.42
120.16 123.12
123.74 125.48
125.96 127.98
128.48 130.03
130.09 131.31
132.41 133.21
133.26 135.21
135.50 138.33
139.37 141.26
141.61 144.91
146.01 147.18
147.52 148.36
149.05 150.96
151.79 153.74
154.09 155.26
155.72 158.16
159.44 160.16
160.78 162.03
163.04 164.36
164.56 165.60
166.06 168.41
169.00 170.08
170.17 171.47
171.87 174.00
174.72 178.96
179.34 181.47
183.23 184.03
184.49 185.88
186.52 188.78
189.82 191.16
191.80 193.31
193.92 195.32
195.50 196.67
197.55 198.33
198.33 199.66
199.80 202.35
202.78 203.79
204.11 205.12
205.55 206.92
206.96 207.80
209.39 212.11
212.17 213.84
214.32 216.06
216.92 218.06
218.84 220.52
220.59 221.15
222.51 224.03
224.48 227.12
227.95 230.11
230.60 231.42
231.87 233.16
234.25 237.28
237.77 239.93
240.41 242.46
243.80 246.51
247.95 251.15
251.50 252.57
252.91 254.65
254.88 255.76
256.12 257.04
257.20 258.38
259.34 261.66
262.04 263.21
264.51 265.56
266.11 269.48
270.91 274.11
274.28 274.80
275.52 277.28
278.16 280.80
281.74 284.68
285.13 286.99
287.26 289.36
290.78 291.34
291.53 292.11
293.08 294.52