0.35 1.68
1.74 4.81
4.89 6.40
6.80 7.98
8.25 9.66
9.84 10.84
11.88 12.36
13.66 14.52
15.04 15.82
16.41 17.80
18.65 21.88
22.59 24.44
24.44 25.71
26.56 27.56
28.06 30.94
31.52 32.48
32.67 33.39
33.74 35.15
35.77 36.91
37.40 38.70
38.89 41.69
43.58 44.62
44.72 47.15
48.04 49.88
49.95 51.10
51.66 54.27
55.36 58.17
58.78 61.68
61.82 63.15
64.30 66.36
66.99 71.56
72.43 74.25
74.49 75.63
76.30 78.51
79.40 81.68
83.60 87.63
87.96 89.71
91.20 92.68
93.21 94.62
95.15 96.36
96.41 97.42
97.50 99.61
101.07 104.36
105.31 107.93
108.76 111.69
112.48 114.25
114.48 115.88
116.94 119.56
120.60 122.72
125.84 128.06
128.67 130.43
131.47 134.19
135.05 136.09
136.28 139.02
139.32 141.32
142.00 143.76
144.44 145.82
146.06 148.75
148.97 150.89
151.87 155.16
156.12 157.42
157.77 161.84
162.28 165.45
166.36 168.73
169.56 171.07
172.49 175.10
175.26 177.21
178.14 180.12
180.59 183.42
183.85 186.17
186.52 190.67
191.05 192.94
195.00 199.28
200.40 202.89
203.47 205.48
206.17 207.26
207.79 208.86
209.37 211.92
213.18 216.41
216.78 217.44
218.62 221.42
221.79 222.62
223.72 226.96
227.68 229.40
229.72 231.36
232.25 233.37
233.72 240.30
240.97 243.07
244.49 245.95
246.75 249.34
249.92 251.56
251.63 254.03
254.96 257.84
259.05 261.68
262.92 263.82
264.28 267.21
267.71 269.93
270.60 272.68
273.64 275.15
275.58 277.72
278.08 282.35
283.42 286.76
287.63 290.03
290.49 292.46
292.86 294.16
295.13 296.49
297.08 298.96
299.58 302.41