0.10 2.96
2.96 6.72
6.72 10.60
10.60 12.92
12.92 15.16
15.16 17.28
17.28 17.56
17.56 18.00
18.00 18.76
18.76 18.96
18.96 25.64
25.64 31.72
31.72 34.20
34.20 37.28
37.28 41.04
41.04 42.48
42.48 46.60
46.60 47.20
47.20 49.12
49.12 49.88
49.88 52.92
52.92 58.08
58.08 61.84
61.84 62.20
62.20 67.32
67.32 73.60
73.60 75.76
75.76 76.52
76.52 77.44
77.44 80.28
80.28 82.80
82.80 86.40
86.40 87.72
87.72 88.68
88.68 90.16
90.16 91.00
91.00 91.40
91.40 92.48
92.48 94.32
94.32 95.16
95.16 95.68
95.68 96.00
96.00 97.52
97.52 102.56
102.56 102.72
102.72 103.04
103.04 107.24
107.24 113.84
113.84 116.52
116.52 118.20
118.20 121.44
121.44 122.48
122.48 122.88
122.88 124.96
124.96 125.52
125.52 127.04
127.04 127.52
127.52 128.40
128.40 132.72
132.72 134.72
134.72 135.52
135.52 137.76
137.76 139.92
139.92 142.04
142.04 142.32
142.32 147.88
147.88 151.80
151.80 153.68
153.68 156.92
156.92 162.40
162.40 168.48
168.48 168.76
168.76 172.24
172.24 176.08
176.08 179.20
179.20 179.60
179.60 181.92
181.92 183.36
183.36 191.32
191.32 192.12
192.12 195.96
195.96 199.36
199.36 202.08
202.08 202.56
202.56 203.52
203.52 205.60
205.60 206.32
206.32 208.68
208.68 211.36
211.36 213.00
213.00 218.68
218.68 219.28
219.28 220.12
220.12 223.32
223.32 225.76
225.76 230.00
230.00 232.44
232.44 238.04
238.04 241.24
241.24 242.76
242.76 245.64
245.64 248.76
248.76 252.92
252.92 255.96
255.96 258.92
258.92 262.52
262.52 263.00
263.00 267.48
267.48 269.40
269.40 269.80
269.80 274.80
274.80 282.72
282.72 285.80
285.80 286.68
286.68 288.60
288.60 289.40
289.40 289.80
289.80 293.12
293.12 295.24
295.24 296.20
296.20 297.60
297.60 298.52
298.52 301.92
301.92 302.48
302.48 306.28
306.28 310.56
310.56 310.88
310.88 311.36
311.36 312.36
312.36 315.16
315.16 321.04
321.04 324.28
324.28 328.16
328.16 329.32
329.32 331.36
331.36 336.76
336.76 342.20
342.20 342.56
342.56 348.36
348.36 349.20
349.20 350.28
350.28 352.00
352.00 353.72
353.72 355.44
355.44 357.12
357.12 358.36
358.36 359.68
359.68 361.24
361.24 361.96
361.96 362.28
362.28 362.52
362.52 363.76
363.76 368.84
368.84 369.68
369.68 370.88
370.88 371.88
371.88 377.84
