1.62 5.79
5.87 7.25
7.33 10.62
10.71 13.25
13.34 16.42
16.51 18.3
18.38 21.64
21.72 24.8
24.89 26.22
26.31 30.39
30.48 43.82
43.91 45.16
45.24 46.58
46.66 47.91
48 49.75
49.83 51.08
51.17 52.71
52.79 55.17
55.25 58.34
58.42 62.59
64.26 66.6
66.68 69.6
69.68 71.6
71.69 74.69
75.77 77.48
77.61 80.36
80.95 82.24
82.32 85.99
87.28 89.29
89.62 92
92.17 93.71
93.79 97.04
97.25 102.47
102.55 108.47
108.6 112.89
114.44 119.98
120.11 124.99
125.11 131.12
132.45 137.17
137.29 142.3
188.89 192.93
194.31 198.35
199.86 204.73
205.74 211.32
211.41 216.83
216.91 223.42
223.5 228.51
228.59 234.93