5.88 10.34
10.42 11.67
11.76 14.97
15.1 17.05
18.43 21.02
21.1 24.23
24.31 26.65
26.77 31.4
31.49 34.28
34.41 36.2
37.66 41.41
41.5 43.5
43.62 45.29
45.46 49.29
49.38 51.96
52.05 55.76
55.84 58.55
58.64 62.01
63.18 64.31
66.69 70.31
70.69 74.7
96.05 97.38
97.51 100.89
101.01 102.39
103.18 104.72
104.85 108.73
110.73 114.36
114.82 117.74
179.09 181.05
181.14 183.47
183.55 185.47
185.56 188.22
210.29 211.75
211.83 213.83
213.96 215.13
218.59 221.26
221.34 222.68
224.1 225.6
229.64 231.68
231.77 233.94
234.02 236.69
272.64 273.68
296.58 298.25
298.92 301.92
309.93 313.43
318.44 321.61