25.1 27.26
27.39 29.72
30.6 33.4
34.94 37.48
37.61 39.61
41.28 44.45
50.41 53.67
53.79 57.09
57.17 61.8
62.13 64.3
64.39 67.64
67.72 70.14
70.31 72.39
72.48 75.56
75.65 78.9
78.98 82.32
82.4 83.49
83.57 85.82
85.91 87.49
87.66 90.91
99.5 101.67
101.84 103.01
103.17 104.76
104.84 107.01
107.09 108.93
110.1 111.35
111.52 113.68
113.77 115.1
115.19 119.48
121.19 122.19
122.32 125.36
127.78 129.2
133.37 134.79
134.87 136.87
137.13 140.38
140.5 142.88
142.96 145.97
146.05 148.22
148.34 150.97
151.06 154.31
154.39 156.89
157.02 158.56
158.69 159.98
160.07 162.23
162.73 165.49
165.57 169.57
169.7 170.74
170.87 173.41
173.49 176.16
176.25 178.17
178.25 180.42
180.59 182.84
182.92 184.76
185.22 187.76
187.88 189.09