0.45 2.96
3.08 6.21
6.29 8.63
8.75 11.97
12.09 14.38
14.47 18.55
18.64 23.64
23.77 26.23
26.31 28.06
28.15 30.73
30.82 33.15
34.28 38.07
38.16 41.49
41.62 44.33
44.66 48.25
48.33 50.17
50.63 53.17
53.3 55.51
55.63 57.68
57.8 60.31
61.51 66.69
66.77 70.36
70.44 72.86
72.99 74.53
74.61 76.53
76.66 79.37
80.33 82.37
82.49 85.7
85.83 87.62
87.71 90.88
91 93.21
93.3 95.13
95.22 96.88
97.01 99.89
100.51 102.64
102.72 106.02
106.73 108.64
108.73 111.31
111.4 113.86
113.98 115.69
116.74 117.9
117.99 120.24
121.74 123.08
123.16 124.83
124.91 126.5
126.58 129.75
129.83 132.38
133.59 134.92
135.05 136.84
136.92 138.88
140.22 141.59
142.6 145.26
145.35 148.02
148.85 151.94
152.11 153.69
153.77 156.11
156.24 158.53
158.61 161.28
161.37 164.03
164.12 166.03
166.12 168.95
173.63 176.38
176.46 177.96
190.39 194.56
194.65 197.32
197.4 200.49
200.99 203.74
203.82 206.08
206.16 231.68
231.77 233.35
233.44 235.02