0.03 3.99
4.07 8.2
8.29 12.25
12.33 16.25
16.34 18.17
18.25 20.42
24.18 27.8
28.1 30.14
46.2 47.24
71.35 73.52
75.85 77.65
78.86 81.15
81.23 83.69
84.7 89.37
95.21 99.21
99.34 102.5
102.59 105.42
105.55 107.72
111.97 113.6
117.35 119.06
119.27 123.27
124.24 126.4
127.95 131.2
132.58 134.37
134.45 136.45
136.58 139.5
139.58 141.71
141.79 145.09
145.17 148.17
148.26 152.26
153.47 155.81
155.93 158.56
158.64 162.77
163.11 164.82
164.9 169.49
169.61 172.2
172.28 175.28
175.91 178.83
178.91 182.29
182.38 184.63
184.8 185.88
185.96 189.17
189.34 192.8
192.93 198.22
198.35 203.61
203.69 204.86
204.94 209.03
209.15 212.03
212.11 215.66
215.74 217.24
217.33 219.87
219.95 222.25
222.33 226.09
226.17 228.92
229.01 231.88
232.13 233.84
233.93 236.1
238.31 239.89
241.02 244.23
247.53 251.07
253.41 254.82
256.53 257.62
258.79 261.08
261.62 265.13
265.5 267.09
267.17 270.96
271.05 273.55