0.08 2.83
3.58 4.62
4.71 6.88
7.42 10.67
10.76 12.09
12.18 14.59
14.68 17.26
17.35 20.85
20.93 23.85
24.02 27.06
27.15 30.11
30.19 35.7
35.78 40.04
44.87 51.3
51.55 56.97
57.05 60.14
60.22 63.39
63.48 68.73
69.86 72.49
72.9 76.03
76.11 78.7
78.78 82.41
82.5 85.58
85.83 89
89.09 92.38
92.46 96.22
97.22 103.02
104.06 108.48
109.61 112.32
112.4 115.61
115.7 120.66
122.66 128.21
129.33 134.17
135.55 137.88
137.97 141.22
141.51 146.39
147.56 153.36
154.78 159.45
160.7 163.28
163.37 166.75
166.83 170.79
170.92 175.67