15.8 18.43
18.72 22.89
24.48 28.35
31.52 34.4
34.99 36.32
36.4 39.78
39.87 43.45
43.75 45.16
45.25 46.5
46.58 49.5
49.58 52.25
52.75 55.8
55.88 58.43
58.76 59.8
60.14 61.22
62.35 63.43
63.51 66.77
69.81 73.9
73.98 76.03
76.15 79.24
79.32 81.45
81.95 83.87
85.83 87.83
87.96 91.13
91.25 94.13
95.38 99.18
99.26 104.26
104.35 107.02
107.39 109.69
109.77 111.1
111.19 114.02
115.27 117.03
117.24 118.61
119.03 121.86
121.95 123.87
123.95 127.29
127.37 130.71
130.79 134.96
138.13 140.34
140.68 141.97
142.47 145.18
145.56 147.22
147.31 149.06
149.14 150.23
150.31 152.73
152.81 154.9