2.54 5.37
5.83 9.54
9.79 11.63
14.8 17.84
18.42 20.26
22.35 24.64
25.18 30.23
33.9 35.9
35.98 37.32
37.4 39.19
39.28 40.99
41.07 42.99
43.08 45.16
69.27 73.19
74.86 76.48
76.61 79.48
79.61 82.65
82.78 86.62
89.62 92.83
92.92 96.71
96.79 100.21
100.3 102.72
102.8 106.14
107.81 110.06
110.14 113.02
113.15 116.56
116.65 119.65
121.15 123.86
132.87 133.96
134.04 137.25
139.42 141.26
141.34 144.42
144.51 146.84
148.18 150.93
151.02 154.02
163.95 166.11
166.2 169.66
171.37 173.54
184.72 186.88
191.72 193.22
218.42 221.38
221.46 223.13
224.26 227.09
233.31 234.64
235.93 238.44
242.61 245.28
245.36 246.99
254.91 257.66
257.79 259.87
259.96 264.71
264.8 267.05
267.47 271.22
271.3 274.64
274.72 278.64
278.81 282.65
282.73 286.65
288.53 292.16
292.24 295.08
295.16 296.33
296.41 298
298.08 300.04
300.12 302.04
310.63 312.68
312.76 314.47
314.56 318.22
318.81 320.31
320.39 322.94
323.35 325.19
325.27 330.28
331.36 333.45
335.12 336.7
336.79 339.66
339.75 341.75
341.83 344.13
344.21 347.8
347.88 350.72
350.8 353.59
353.8 356.26
356.35 358.6
358.68 362.27
362.35 365.27