1.12 2.2
2.29 3.91
4 5.75
5.83 7.79
7.88 9.88
10 11.8
11.88 13.76
13.84 15.43
15.51 17.59
22.6 25.94
26.02 28.94
31.36 33.07
47.75 48.96
49.04 52.5
52.59 55.47
55.72 58.22
58.3 62.31
62.39 66.27
66.39 69.81
69.9 72.07
72.15 74.44
74.53 76.94
77.03 79.61
82.62 85.04
92.34 93.96
95.26 97.38
98.13 103.14
103.22 107.02
107.1 108.43
108.52 113.11
113.19 114.65
116.28 119.82
119.91 121.86
121.95 124.33
124.41 127.66
127.75 130.16
130.29 133.21
133.63 135.09
136.8 139.09
139.18 142.93
143.01 144.93
145.31 147.52
147.6 150.02
150.52 154.31
154.4 157.65
158.15 159.28
159.36 161.2
161.28 163.24
163.32 165.41
165.49 169.75
169.83 173.21
173.29 177.46
180.51 181.68
186.06 188.6
189.02 191.35
192.9 196.06
196.15 199.15
199.23 202.95
203.03 204.61
204.7 208.83
208.95 211.25
211.37 214.33
214.42 217.71
218.8 219.88
225.47 228.31
230.14 234.1
234.19 236.81
237.4 241.07
242.94 246.66
247.12 250.24
251.87 254.96
255.75 258.21
258.29 262.01
262.47 265.59
266.84 268.35
268.43 270.35
271.39 274.56
286.74 289.66
319.27 321.77
323.82 325.48
325.57 327.15
327.24 329.57
329.66 331.62
331.7 333.53
333.62 339.33
342.59 345.26
345.34 347.34
350.93 352.97