41.95 43.62
57.26 58.47
58.55 60.97
62.14 63.47
64.69 66.77
66.85 69.73
69.82 72.86
72.99 75.07
79.49 81.49
82.33 84.2
84.33 85.41
101.68 102.76
103.35 106.93
107.02 108.73
108.85 113.73
113.86 117.78
117.86 121.28
121.37 124.08
124.16 127.04
127.75 129.29
129.54 131.5
131.59 132.96
133.04 135.13
135.21 138.55
138.63 140.97
144.72 149.14
149.23 152.15
152.23 153.98
154.07 156.9
156.99 158.82
158.9 161.49
161.7 164.53
164.83 167.29
167.37 172.63
172.71 174.96
175.04 176.96
177.05 178.13
178.22 179.8
179.88 181.8
181.89 182.97
183.89 185.39
186.01 187.06
187.18 189.52
189.68 192.48
192.56 194.4
194.52 195.56
195.69 197.32
197.4 198.65
198.74 200.82
200.9 202.07
202.2 204.41
204.49 207.91
208.91 210.66
210.75 212.33
212.42 214.71
215.38 218.04
221.92 223.09
223.76 225.01
225.1 227.76
227.85 231.1
231.23 232.68
232.77 233.94
234.02 235.1
236.61 238.36
238.44 242.53
242.61 246.53
246.62 248.62