4.36 6.03
6.15 8.28
8.36 10.86
10.99 13.03
14.37 16.12
16.2 19.12
20.46 22.96
23.04 24.38
24.46 25.96
26.05 27.88
28.01 30.55
32.05 34.72
34.85 36.64
36.72 38.89
40.23 42.06
42.9 44.4
44.48 45.57
45.73 46.98
47.07 48.23
48.32 49.4
49.49 51.4
51.49 53.07
53.66 54.66
54.74 58.74
58.83 60.71
60.83 62.21
62.33 63.42
63.83 64.83
64.92 67.67
68.51 70.59
70.67 73.76
73.89 76.1
76.22 78.56
78.68 79.77
79.85 81.52
81.6 83.44
83.56 84.6
84.77 87.69
87.77 88.86
88.94 91.07
91.15 93.36
93.45 95.41
95.49 98.08
98.16 100.62
100.75 103.25
103.33 106.17
106.29 108.67
108.8 110.34
110.46 112.8
112.97 114.34
114.47 115.88
115.97 119.76
119.85 121.47