0.47 2.8
2.89 4.97
5.06 7.64
7.72 9.89
10.02 12.6
12.69 14.73
15.07 17.44
17.53 19.65
19.74 23.37
23.99 28.33
28.41 31.58
31.71 34
34.08 36.5
36.59 38.92
39.05 41.84
41.93 45.26
45.39 46.93
47.06 51.06
53.9 56.36
56.44 58.53
58.86 60.36
60.44 63.03
63.7 66.57
66.7 67.87
68.12 70.37
70.45 73.04
73.71 77.42
77.55 81.96
94.56 96.27
97.23 99.15
99.57 101.73
101.82 103.44
103.57 105.24
105.32 109.12
109.62 113.08
114.62 118.75
118.84 128.68
128.8 133.64
134.85 136.98
143.19 145.94
146.11 147.99
148.49 149.66
150.16 151.99