1.29 2.67
2.75 5.25
5.63 7.38
7.46 9.63
9.76 11.72
14.89 17.97
22.77 24.9
37.16 39.62
43.83 45.42
48.09 49.8
49.92 50.96
51.09 52.3
52.43 55.51
55.97 58.72
58.81 60.68
60.81 62.6
62.69 66.31
66.44 67.65
67.78 70.19
70.36 71.9
71.99 74.78
74.86 78.28
78.37 79.79
79.87 81.95
82.04 84.29
93.17 96.38
96.51 98.39
99.18 100.89
103.1 104.85
105.39 106.94
107.02 109.23
109.36 111.15
111.24 113.19
113.28 117.28
117.37 119.66
119.74 121.33
121.41 122.7
122.79 126.41
127.38 129.21
129.29 131.55
131.63 135.84
135.93 137.47
137.59 140.68
140.76 142.93
143.06 144.85
144.93 148.35
148.44 150.36
150.44 153.57
155.32 157.74
157.82 159.66
159.78 160.83
160.95 163.08
169.29 172
172.13 173.5
173.63 175.71
175.8 177.84
178.3 180.97
184.31 187.6
187.81 190.1
192.02 194.28
206.37 208.29
226.35 229.81
234.32 235.65
236.23 238.03
250.04 252.5
252.58 255.8
255.88 259.01
259.26 260.76
260.84 263.34
263.43 265.85
265.93 267.85
267.93 269.02
272.35 273.69
280.95 283.7
285.03 287.95
291.04 293.58