2.22 5.84
9.06 10.68
14.52 16.69
19.53 21.15
22.36 25.36
25.61 28.03
28.16 29.62
29.7 33.54
33.66 35.04
35.17 36.79
36.88 38.96
39.05 41.05
42.47 46.22
47.59 49.14
49.22 51.31
51.39 52.81
52.89 54.44
54.52 56.81
56.9 58.65
58.73 61.32
61.4 62.73
62.86 65.4
66.11 67.28
67.36 70.24
70.33 73.41
73.54 74.66
74.75 78.88
78.96 80.84
80.92 83.01
83.09 85.42
85.55 88.59
88.72 92.1
94.77 98.85
98.94 101.11
101.61 103.11
104.86 106.78
117.21 121.13
121.25 124.96
125.09 129.22
129.3 133.06
133.14 136.81
136.94 140.81
140.94 144.32
144.44 147.15
148.57 152.16
152.24 156.62
156.7 160.54
160.62 162.21
162.29 164.5
164.59 166.46
166.55 168.42
168.51 172.05
172.14 175.68
175.77 178.98
179.06 183.15
183.23 184.52
184.61 187.07
187.15 190.49
190.57 193.36
193.45 196.45
196.54 198.54
198.62 200.33
200.41 204.33
204.42 206.75
206.88 210.26
212.18 215.43
215.51 219.77
219.89 223.35
223.44 227.44
227.57 231.28
231.4 235.78
235.87 239.2
239.29 242.21
243.12 246.71
246.79 251.13
251.26 252.88
252.97 254.88
254.97 257.05
257.14 260.81
260.89 262.81
262.94 266.31
266.44 270.15
270.28 273.49
274.66 277.99
278.08 282