0.54 1.60
4.23 5.39
9.97 12.76
13.10 14.68
15.17 16.25
16.73 17.94
18.90 22.73
23.55 25.48
25.54 27.93
28.51 29.98
30.26 32.18
32.71 34.94
36.23 41.90
42.68 44.93
45.76 47.15
47.40 48.59
49.14 53.17
54.16 58.49
59.43 61.39
61.80 65.05
65.58 68.86
71.35 73.65
73.98 75.99
76.50 78.16
78.94 81.39
82.93 85.60
86.33 89.41
89.94 94.53
94.78 97.58
98.08 104.21
104.41 106.91
108.14 108.80
109.30 110.19
110.82 113.59
113.84 115.81
116.67 120.40
120.40 122.95
123.17 124.58
125.42 127.08
130.61 132.15
134.09 135.88
135.91 137.52
137.80 138.35
138.91 140.77
141.15 143.47
143.95 148.29
148.87 150.48
150.88 153.91
154.31 156.03
157.11 158.88
158.98 159.73
160.87 163.64
163.92 165.26
166.16 168.06
168.08 173.45
174.13 177.26
178.07 180.13
180.99 182.55
183.11 188.20
189.24 194.63
195.16 200.56
201.54 204.62
205.25 209.06
209.38 211.22
212.54 213.47
214.17 215.31
216.24 220.15
221.18 222.40
223.20 228.72
229.86 231.88
232.18 233.72
234.35 236.57
237.12 242.16
243.02 245.85
246.30 248.39
249.30 253.33
253.91 255.07
255.30 257.95
258.40 260.67
261.35 265.74
267.35 271.29
271.51 272.78
273.71 275.30
276.08 278.85
279.15 280.59
280.87 283.44
284.35 288.01
288.33 290.01
290.58 293.30