0.20 1.67
1.67 3.53
3.95 8.37
8.49 9.12
11.09 16.00
17.14 18.43
18.76 20.07
20.60 22.82
22.99 25.64
26.80 28.74
29.17 31.89
32.37 35.63
36.56 39.61
40.16 42.74
43.27 45.23
45.59 47.02
47.27 48.26
48.66 50.68
51.71 54.23
54.76 57.82
58.87 61.47
61.62 62.76
62.98 65.66
66.49 68.58
70.04 73.32
73.83 76.42
77.28 79.02
79.42 80.36
80.66 82.25
82.73 84.04
84.42 87.17
88.05 88.63
90.34 94.25
94.98 97.20
100.76 102.32
103.00 106.63
106.73 108.09
108.45 110.09
110.67 112.63
112.78 113.67
113.89 115.10
115.36 116.62
116.92 118.69
119.92 121.86
122.47 124.01
124.31 126.07
127.11 130.51
131.27 135.91
136.71 139.08
141.25 143.57
144.00 147.73
147.96 149.42
150.05 154.14
155.47 157.29
157.52 162.11
162.86 164.98
165.08 166.01
167.60 171.16
171.41 172.87
173.10 174.66
174.92 177.11
177.41 179.23
180.08 181.82
182.40 186.97
187.55 188.68
189.06 189.94
190.37 191.86
193.07 194.46
195.24 196.32
196.85 197.58
198.16 199.00
199.53 200.56
201.04 201.77
202.50 205.12
205.40 207.32
208.58 211.20
213.47 219.95
220.66 221.54
221.77 223.03
223.38 226.10
226.81 229.53
230.06 231.62
232.33 238.21
239.09 241.76
242.42 244.74
245.32 249.38
251.67 254.65
255.63 259.92
260.85 262.69
263.22 264.46
264.58 267.78
268.41 271.21
271.82 275.02
275.32 279.03
279.81 281.27
281.40 283.42
283.57 286.77
287.25 288.61
289.45 291.71
292.29 295.14
295.60 296.55