0.25 3.17
3.52 6.20
7.18 8.37
8.95 9.73
10.16 13.91
14.24 18.35
19.01 24.65
25.18 27.07
28.81 30.61
32.24 35.50
35.93 39.18
40.31 43.69
44.22 45.10
45.81 47.32
48.79 49.47
49.64 50.95
51.46 52.64
53.35 57.21
57.48 60.08
60.56 65.23
65.65 68.20
69.16 71.93
72.64 75.49
76.80 77.86
78.31 78.79
79.45 80.99
81.36 83.43
83.68 86.46
89.13 91.02
91.53 93.32
93.87 95.06
95.11 96.27
96.75 100.20
100.88 104.21
105.87 107.71
108.24 109.86
110.16 110.99
111.24 112.99
113.61 116.72
116.99 118.05
118.43 125.04
125.72 127.10
127.23 129.20
129.35 130.71
131.32 136.51
137.75 138.80
139.26 141.17
141.58 143.24
143.39 145.97
146.32 148.84
149.19 151.87
153.68 157.24
157.59 158.42
158.83 164.32
166.21 167.22
168.03 168.91
169.34 170.12
170.65 175.90
176.12 177.21
177.38 179.28
179.50 181.14
183.03 186.51
187.70 190.72
191.05 191.78
192.77 198.54
199.25 200.81
200.88 203.76
203.81 205.95
206.53 209.33
209.48 214.48
215.48 217.17
217.75 218.56
219.22 220.56
221.66 223.45
223.78 224.54
225.09 227.01
227.54 229.53
229.68 233.11
234.93 239.72
240.12 242.21
242.36 244.13
244.71 248.59
248.90 250.91
251.34 256.59