0.45 2.74
2.90 5.12
5.24 7.26
8.32 9.73
9.86 10.79
10.84 12.60
12.63 13.97
13.99 16.61
17.42 19.46
19.64 21.28
21.51 24.20
24.30 26.42
27.00 28.42
29.17 31.74
32.27 35.20
35.65 37.72
37.85 40.97
41.02 42.79
42.86 44.83
46.34 48.08
48.44 51.16
51.89 52.80
53.76 57.08
57.31 59.40
60.39 61.47
61.75 62.58
62.91 63.69
63.82 68.53
69.36 73.00
73.32 75.21
75.24 77.71
78.11 80.43
80.56 82.75
83.43 85.15
85.33 87.04
87.32 90.60
91.10 96.87
97.53 100.83
101.26 103.10
104.49 107.59
108.60 110.26
110.29 111.15
111.45 114.20
114.45 116.37
117.48 118.23
118.23 119.06
119.11 120.93
120.88 121.43
121.48 122.27
122.42 123.05
123.07 123.83
123.78 124.71
124.81 127.03
126.75 129.18
129.53 130.44
130.59 131.19
131.32 132.00
131.95 132.78
132.73 134.17
134.12 135.35
135.48 136.76
136.71 140.45
140.80 141.58
141.63 142.29
142.24 142.87
143.07 143.67
143.62 144.99
144.94 146.20
146.32 149.32
149.27 150.61
150.63 153.86
154.24 159.18
161.38 163.67
164.12 166.65
166.80 168.18
168.41 170.45
170.55 172.42
173.23 175.92
176.40 180.19
180.51 183.24
183.97 188.53
188.66 191.03
192.57 195.59
195.74 197.79
197.91 199.88
200.26 203.28
203.31 204.22
204.39 207.62
207.67 208.73
209.06 212.56
213.07 215.82
216.50 220.23
220.51 222.80
223.25 225.20
225.25 226.73
226.86 228.78
230.09 234.15
234.60 238.91
239.47 242.17
243.04 245.94
246.25 248.39
248.87 250.21
251.85 256.03
256.89 259.51
259.59 261.68
261.83 266.80
267.99 273.86
274.14 279.61
280.80 282.31
282.41 283.01
283.12 284.17
285.11 287.25
287.73 289.90
290.83 295.62
295.87 297.16
297.46 299.86