0.48 1.20
1.47 2.22
2.53 3.48
3.91 4.46
4.79 5.58
5.91 6.58
7.12 9.29
9.58 10.92
11.49 14.15
14.54 19.01
20.20 25.23
25.64 30.25
30.82 34.38
35.23 38.49
39.45 42.19
42.26 43.47
43.72 44.83
45.27 46.02
46.95 49.19
49.44 52.10
52.47 53.74
53.79 55.55
56.08 59.99
60.86 63.96
64.41 66.93
67.50 69.84
70.37 73.11
73.40 76.44
76.81 79.45
80.69 85.23
85.78 86.86
87.73 90.79
91.22 92.34
92.69 96.11
96.68 101.51
102.52 105.08
105.71 107.85
108.36 110.62
111.05 115.88
117.39 121.37
121.62 127.05
127.52 128.56
128.95 131.17
132.00 135.06
135.15 135.98
136.25 137.98
138.58 143.77
144.00 148.47
148.80 153.94
154.92 156.05
156.78 158.05
162.18 165.96
166.22 169.06
168.30 172.73
168.30 172.73
169.17 171.52
172.16 172.85
172.90 176.56
177.09 180.03
179.98 184.80
184.88 186.03
186.48 192.51
194.11 197.09
197.20 199.06
199.39 201.93
202.08 204.68
204.91 209.23
209.64 210.44
210.65 213.59
213.88 217.10
218.19 220.25
220.30 222.58
222.87 223.92
224.13 228.54
228.49 231.83
232.08 235.24
235.43 239.35
240.15 242.70
242.90 245.27
246.92 250.95
251.35 253.80
253.90 256.20
256.77 258.42
259.12 262.27
262.42 265.47
265.65 267.57
268.22 269.27
269.40 270.22
270.50 271.57
272.15 274.85
275.27 278.95
279.42 283.25
283.37 284.67
284.71 285.84
285.86 286.86
286.86 287.83
287.83 288.99
289.20 292.65
292.65 296.24
296.99 302.48