0.10 3.24
3.24 6.80
6.80 12.68
12.68 14.76
14.76 15.28
15.28 16.20
16.20 16.56
16.56 16.88
16.88 20.96
20.96 21.48
21.48 21.68
21.68 26.00
26.00 29.64
29.64 29.92
29.92 31.16
31.16 31.88
31.88 33.12
33.12 35.36
35.36 36.24
36.24 38.84
38.84 39.76
39.76 40.88
40.88 47.52
47.52 51.64
51.64 52.52
52.52 56.00
56.00 56.32
56.32 56.64
56.64 61.36
61.36 62.24
62.24 62.92
62.92 63.44
63.44 72.72
72.72 74.36
74.36 74.60
74.60 76.24
76.24 77.28
77.28 77.68
77.68 79.00
79.00 83.08
83.08 89.60
89.60 90.44
90.44 92.32
92.32 93.36
93.36 93.52
93.52 95.80
95.80 96.60
96.60 98.00
98.00 100.52
100.52 101.08
101.08 101.28
101.28 104.48
104.48 108.52
108.52 112.52
112.52 118.36
118.36 120.80
120.80 124.40
124.40 133.76
133.76 135.00
135.00 142.04
142.04 142.44
142.44 144.36
144.36 144.92
144.92 145.76
145.76 152.72
152.72 158.40
158.40 160.32
160.32 162.16
162.16 163.68
163.68 164.72
164.72 165.44
165.44 167.32
167.32 171.80
171.80 172.68
172.68 181.08
181.08 182.68
182.68 189.04
189.04 190.44
190.44 191.28
191.28 197.16
197.16 200.08
200.08 205.48
205.48 210.28
210.28 215.32
215.32 217.36
217.36 217.92
217.92 225.68
225.68 228.44
228.44 228.80
228.80 230.32
230.32 232.72
232.72 234.04
234.04 238.28
238.28 240.68
240.68 245.00
245.00 248.24
248.24 248.88
248.88 250.28
250.28 250.76
250.76 254.56
254.56 258.72
258.72 262.16
262.16 264.84
264.84 265.40
265.40 267.48
267.48 271.16
271.16 271.64
271.64 273.64
273.64 274.80
274.80 277.20
277.20 277.52
277.52 278.40
278.40 280.60
280.60 281.68
281.68 282.24
282.24 283.56
283.56 284.64
284.64 286.12
286.12 289.44
289.44 291.88
291.88 294.04
294.04 294.36
294.36 296.84
296.84 297.72
297.72 299.92
299.92 303.12
303.12 306.20
306.20 307.60
307.60 314.00
314.00 318.52
318.52 321.20
321.20 321.84
321.84 322.52
322.52 324.96
324.96 330.92
330.92 334.60
334.60 337.32
337.32 339.72
339.72 340.44
340.44 345.12
345.12 348.76
348.76 354.12
354.12 354.68
354.68 355.00
355.00 357.20
357.20 357.84
357.84 361.04
361.04 362.64
362.64 367.16
367.16 368.80
368.80 369.60
369.60 371.44
371.44 378.04
