0.18 2.24
3.55 4.10
9.08 9.71
10.00 10.78
10.97 12.65
12.92 13.97
14.28 15.85
16.00 17.10
17.61 19.66
19.96 21.46
21.48 22.42
22.61 25.02
25.10 25.69
29.53 30.04
35.47 36.04
36.61 37.28
37.62 38.67
38.78 39.84
39.85 40.69
43.76 44.88
45.24 46.10
46.33 47.20
47.74 48.28
48.70 50.78
51.25 52.03
52.26 55.60
55.66 56.99
57.59 59.30
59.74 60.90
61.33 61.96
62.32 62.94
66.30 66.87
71.21 73.38
73.56 74.55
74.61 75.51
75.63 77.79
78.03 81.08
81.15 82.43
83.31 84.31
84.43 85.55
85.86 86.49
86.52 87.10
87.11 87.77
