0.10 3.24
3.24 6.72
6.72 12.36
12.36 15.12
15.12 15.48
15.48 15.56
15.56 16.28
16.28 17.32
17.32 19.96
19.96 22.04
22.04 23.68
23.68 24.80
24.80 26.04
26.04 27.20
27.20 27.88
27.88 31.08
31.08 32.68
32.68 33.76
33.76 34.32
34.32 35.32
35.32 43.24
43.24 43.84
43.84 46.16
46.16 46.60
46.60 47.88
47.88 49.04
49.04 51.96
51.96 52.72
52.72 54.00
54.00 55.12
55.12 57.44
57.44 57.92
57.92 58.40
58.40 64.24
64.24 68.92
68.92 70.00
70.00 72.08
72.08 74.32
74.32 76.76
76.76 78.84
78.84 79.48
79.48 79.84
79.84 82.52
82.52 84.08
84.08 85.40
85.40 90.96
90.96 91.20
91.20 93.16
93.16 94.64
94.64 100.36
100.36 104.04
104.04 105.76
105.76 108.12
108.12 112.48
112.48 120.96
120.96 123.52
123.52 123.88
123.88 128.44
128.44 128.92
128.92 134.00
134.00 135.36
135.36 136.00
136.00 136.52
136.52 141.56
141.56 141.88
141.88 150.84
150.84 151.32
151.32 151.92
151.92 153.64
153.64 154.76
154.76 155.80
155.80 159.24
159.24 160.76
160.76 161.80
161.80 162.44
162.44 163.12
163.12 165.00
165.00 165.24
165.24 166.64
166.64 167.00
167.00 167.48
167.48 169.72
169.72 170.16
170.16 174.84
174.84 175.96
175.96 180.16
180.16 180.96
180.96 183.24
183.24 183.76
183.76 184.80
184.80 185.84
185.84 186.08
186.08 186.48
186.48 188.32
188.32 189.44
189.44 190.60
190.60 191.72
191.72 196.40
196.40 202.56
202.56 205.40
205.40 208.96
208.96 210.00
210.00 212.16
212.16 217.04
217.04 221.16
221.16 226.84
226.84 230.00
230.00 232.36
232.36 233.08
233.08 236.80
236.80 238.28
238.28 240.36
240.36 241.88
241.88 245.76
245.76 248.80
248.80 249.56
249.56 254.60
254.60 257.96
257.96 259.32
259.32 259.92
259.92 261.08
261.08 262.12
262.12 273.96
273.96 275.96
275.96 281.00
281.00 283.76
283.76 289.32
289.32 289.84
289.84 295.60
295.60 295.60
295.60 302.16
302.16 308.36
308.36 309.44
309.44 312.92
312.92 318.16
318.16 322.24
322.24 322.52
322.52 323.84
323.84 326.00
326.00 328.08
328.08 330.52
330.52 332.12
332.12 335.60
335.60 338.08
338.08 338.68
338.68 338.92
338.92 339.16
339.16 342.16
342.16 343.24
343.24 343.92
343.92 347.44
347.44 349.12
349.12 351.28
351.28 353.48
353.48 355.88
355.88 358.04
358.04 359.88
359.88 361.32
361.32 363.04
363.04 365.36
365.36 365.92
365.92 367.40
367.40 370.08
370.08 371.32
371.32 377.28
