0.10 1.04
1.48 2.84
4.04 6.44
6.86 8.99
9.84 11.95
12.88 14.33
14.68 15.31
16.30 21.50
21.77 23.28
24.92 25.56
25.74 28.70
28.81 30.24
30.60 31.92
32.86 36.46
37.34 39.72
39.96 41.72
42.36 43.88
44.16 45.02
45.69 46.33
46.51 47.55
47.80 50.44
51.28 53.74
54.11 55.04
55.31 57.34
58.83 60.65
61.10 61.98
62.88 64.52
64.59 66.04
66.28 66.88
67.08 68.20
69.98 71.21
71.28 72.72
73.05 73.90
76.08 78.51
78.59 80.56
81.10 81.92
82.68 84.46
86.03 87.96
88.28 89.13
90.11 91.04
91.20 94.70
95.21 97.77
98.01 100.36
100.56 102.72
104.89 107.72
108.09 110.44
110.96 112.09
112.22 114.08
115.04 119.36
120.52 121.36
121.72 122.56
123.29 125.24
125.90 126.56
127.04 127.84
128.54 130.16
130.35 131.90
132.49 134.32
135.05 137.10
137.60 138.89
139.10 141.45
141.55 142.83
144.01 145.50
145.96 146.73
147.69 149.39
150.03 151.72
152.08 153.96
154.12 156.70
157.45 159.20
159.55 160.83
161.10 163.55
164.06 165.07
165.28 165.87
167.39 169.45
169.92 172.33
172.67 174.67
175.04 177.44
181.55 183.68
184.60 186.64
186.89 188.73
189.74 191.20
191.31 192.91
193.47 198.44
198.84 200.51
201.29 202.33
203.31 204.73
205.16 206.60
206.70 208.27
209.80 213.45
213.76 215.05
215.66 219.32
219.74 222.89
223.88 226.36
226.86 229.79
230.60 233.36
233.87 236.99
237.24 239.32
239.88 243.39
244.04 245.40
245.66 247.08
247.36 249.18
251.02 254.16
254.81 255.76
255.88 259.13
259.87 262.46
262.94 264.70
265.04 266.22
266.41 267.50
268.22 272.62
273.50 275.04
275.47 278.06