0.10 3.05
3.55 6.48
7.02 8.81
10.20 12.22
12.22 13.40
13.79 15.66
15.66 17.42
18.20 19.64
21.21 24.40
24.76 26.84
26.91 28.68
29.96 31.16
31.16 33.26
33.40 34.76
35.29 38.11
39.72 42.33
43.05 44.56
44.56 46.84
47.80 50.76
51.20 53.88
54.60 55.77
55.92 58.97
59.52 60.59
61.20 66.97
68.54 70.86
71.07 72.84
73.23 76.20
76.56 79.66
79.66 81.36
81.93 84.25
84.44 89.63
90.43 92.94
93.32 94.59
94.80 97.16
99.12 102.67
102.86 103.79
104.76 105.68
106.16 107.82
108.99 110.88
111.16 112.30
112.57 114.32
115.64 119.42
119.42 121.07
121.87 126.22
127.13 128.80
129.15 132.88
133.56 136.52
137.18 139.61
139.80 141.66
143.20 144.84
145.21 146.94
147.44 149.28
149.36 150.41
150.64 152.25
152.48 153.96
154.17 155.52
155.60 157.18
159.04 159.93
160.51 161.40
162.16 163.02
163.71 165.45
165.53 166.94
168.67 169.98
170.51 171.82
172.06 173.47
174.01 175.29
176.48 179.24
180.00 181.02
181.26 183.53
183.80 185.92
186.16 187.66
188.72 191.90
191.90 194.08
194.89 198.46
198.60 200.46
201.18 203.29
203.60 206.73
208.06 210.88
211.28 212.97
213.42 214.54
214.54 216.33
216.33 217.88
218.88 220.36
220.78 224.27
224.65 227.04
227.34 230.32
230.81 232.11
233.07 234.72
234.92 235.96
236.38 238.12
238.12 240.22
241.60 242.96
243.53 246.89
247.26 250.20
251.15 252.25
252.52 254.57
254.99 257.55
257.90 260.25
261.04 261.72
262.00 264.73
265.10 266.46
266.64 268.04
268.78 273.08
273.40 276.46
276.83 279.32
279.72 281.15
281.15 284.01
284.14 286.33