0.10 2.24
3.52 6.44
7.52 9.28
9.34 12.14
12.56 15.61
16.48 19.84
20.44 21.68
21.68 23.15
23.58 24.80
24.80 25.84
25.95 27.56
28.38 29.56
29.69 32.94
33.45 35.15
35.72 38.49
39.96 44.20
44.99 46.83
46.91 48.59
49.05 50.17
50.60 51.66
52.17 53.53
53.84 54.83
55.72 58.24
58.57 60.00
60.12 61.44
61.95 65.37
66.67 68.43
68.96 71.52
71.93 74.81
75.58 79.87
80.44 82.08
82.16 83.47
83.69 85.82
86.67 88.28
88.54 90.92
93.45 96.36
96.76 97.61
97.85 99.88
100.62 102.91
103.58 107.20
107.90 109.84
111.04 113.50
113.71 116.78
117.37 120.51
121.47 123.56
124.33 127.69
130.16 131.44
132.62 134.76
135.53 138.57
139.08 141.66
142.03 145.34
146.56 150.49
151.00 156.03
156.75 159.79
161.15 164.27
164.97 166.59
167.24 169.10
169.24 171.48
171.90 174.19
175.93 177.85
178.32 180.59
181.45 183.42
184.46 185.52
185.88 187.28
187.72 189.69
189.74 190.65
191.44 193.32
193.72 195.52
196.16 197.63
198.01 199.44
199.68 201.72
202.22 203.07
203.16 206.62
207.87 210.97
211.42 212.27
212.72 214.30
214.57 216.14
216.88 219.15
219.74 222.14
222.43 224.20
224.97 226.78
226.89 228.75
228.89 230.65
230.76 231.44
231.68 234.22
235.37 236.01
236.48 237.40
237.72 240.41
241.24 243.50
243.84 245.72
246.33 248.09
248.44 250.80
251.55 254.57
255.13 259.55
260.80 265.39
266.20 268.04
269.21 271.68
272.00 274.14
274.48 279.90