0.10 1.40
1.60 3.40
3.95 5.58
6.14 7.61
8.22 10.19
10.70 12.52
13.08 14.44
14.83 18.65
19.77 22.99
23.37 26.94
27.93 29.32
29.92 33.23
33.55 34.99
35.10 38.01
39.39 40.41
40.65 42.08
43.04 46.44
47.02 50.28
50.76 51.63
51.96 53.98
54.51 57.95
58.27 59.53
59.71 61.12
61.80 64.22
64.51 65.85
66.14 67.24
67.45 68.84
69.20 72.06
73.37 75.23
76.78 78.75
79.21 80.08
80.80 82.97
83.29 86.19
87.13 89.55
89.69 91.47
92.38 96.52
97.00 99.37
99.60 100.99
101.24 103.55
103.77 106.03
106.62 107.96
108.25 110.40
110.73 111.87
113.39 115.61
115.93 118.91
119.87 122.40
122.59 124.19
124.83 126.62
128.62 130.76
131.08 133.39
134.68 136.73
137.20 138.54
139.71 141.00
142.04 144.67
145.32 147.90
147.90 149.45
151.13 152.48
152.89 153.98
154.27 154.97
155.26 157.18
158.44 160.44
161.23 163.10
163.32 164.75
165.05 169.05
169.88 170.81
170.97 172.04
172.32 173.20
173.44 175.18
175.66 177.44
177.56 178.43
178.88 180.83
181.10 182.86
183.32 184.89
185.02 185.64
185.85 189.63
189.95 191.24
191.58 193.02
193.48 196.11
196.35 197.95
198.35 199.87
200.06 201.88