0.10 10.73
10.73 12.22
12.81 18.43
18.43 19.72
20.48 27.79
27.79 31.21
31.21 33.52
33.52 35.74
36.19 37.56
37.56 39.73
39.89 41.58
41.58 48.15
48.35 54.62
54.62 56.62
56.62 60.38
60.38 65.26
65.77 69.17
69.17 71.33
72.91 76.22
76.22 78.72
79.14 80.80
80.80 82.99
84.34 86.95
86.95 92.01
92.26 94.88
95.13 97.24
97.60 101.20
101.87 107.58
107.89 110.89
111.54 113.93
114.38 115.75
115.98 118.45
118.98 120.64
120.64 125.98
126.54 129.10
130.11 131.32
131.99 135.67
135.87 138.87
139.16 141.96
142.47 148.29
149.04 151.97
152.47 156.07
156.24 159.44
159.44 163.60
164.50 167.48
167.73 169.81
170.06 175.51
175.88 177.39
177.39 180.06
180.71 181.80
182.39 186.41
186.92 189.31
190.26 191.58
192.06 194.56
194.56 196.86
197.06 197.76
197.76 198.86
198.86 199.90
199.90 201.22
201.64 205.46
205.46 207.46
208.44 211.98
211.98 213.19
213.58 215.19
215.19 216.89
217.29 218.22
218.22 219.56
219.84 221.25
221.90 225.18
225.52 227.85
227.85 231.17
231.59 233.64
234.29 236.06
236.20 238.25
238.25 241.25
242.71 248.31
248.45 249.49
250.38 253.47
253.47 254.57
255.30 257.35
257.35 259.63
260.61 264.29
264.29 265.30
265.50 267.44
267.69 271.06
271.96 278.03
278.03 279.01
279.60 281.20
281.20 286.26
286.26 288.85
289.21 291.71
292.25 295.20