0.04 1.90
1.90 3.90
3.90 5.46
5.46 7.74
8.08 11.08
11.08 14.17
15.24 17.77
17.77 19.65
20.05 21.93
22.18 28.98
29.26 30.78
30.98 33.53
33.53 35.72
35.72 37.72
37.72 40.47
40.47 41.71
41.71 44.99
44.99 47.41
47.41 51.15
51.15 55.53
55.53 58.87
62.47 65.48
65.90 67.48
67.95 71.99
71.99 73.68
73.88 76.91
77.53 82.25
82.25 84.25
85.54 89.02
89.02 89.92
89.92 91.92
92.56 94.75
94.98 95.90
95.90 98.29
98.29 99.56
99.56 100.65
100.82 103.15
103.35 104.39
104.39 107.45
107.65 111.16
111.16 113.38
113.38 115.38
116.97 118.77
119.14 120.85
120.85 123.16
123.16 124.20
124.62 127.09
127.96 129.31
129.48 130.52
130.52 132.65
132.65 137.03
137.46 140.13
140.13 141.45
141.45 143.45
143.81 147.37
147.60 149.68
149.68 150.77
151.28 153.98
153.98 155.07
155.86 158.95
158.95 160.95
161.25 166.48
166.48 168.48
169.91 172.27
172.27 173.45
173.98 176.99
176.99 177.89
178.08 180.41
180.69 182.55
183.34 186.23
186.23 187.18
187.47 191.29
191.29 192.66
193.17 195.81
195.81 196.99
197.61 198.59
198.59 200.59
200.59 202.22
202.72 205.17
205.17 206.23
206.77 208.59
208.59 209.80
210.14 213.14
213.14 214.10
214.41 216.10
216.10 218.10
219.02 221.32
221.32 222.25
222.25 223.71
224.52 225.87
225.87 227.39
227.39 228.51
229.02 231.55
231.55 232.70
233.29 235.40
235.40 237.40
237.40 239.27
239.27 241.02
241.02 242.64
243.54 246.66
246.77 249.08
249.08 250.03
250.34 253.63
253.63 255.85
256.16 260.37
260.57 264.31
264.90 267.09
267.09 268.13
268.13 270.13
270.46 272.59
272.59 275.04
275.04 278.49
278.69 280.38
280.57 284.31
285.74 287.04
287.04 289.90
289.90 292.99
293.44 295.49
295.89 299.65
299.65 302.15