0.16 2.51
4.71 7.40
7.79 9.58
10.14 12.09
12.82 14.28
14.71 15.96
16.79 18.04
18.13 20.19
21.00 22.24
22.68 23.83
24.57 26.34
27.12 28.99
29.61 30.95
32.23 35.15
36.33 37.48
37.99 40.29
41.05 43.69
44.24 46.05
47.05 47.94
48.93 51.13
51.89 53.25
53.30 54.70
55.52 57.96
58.49 61.04
62.47 65.07
65.98 66.42
67.38 68.17
68.43 72.92
73.36 75.46
75.50 76.87
77.46 79.71
80.99 82.49
83.43 84.34
85.03 87.76
88.23 89.58
90.15 92.48
93.10 94.25
95.45 97.47
97.91 100.80
101.42 102.51
103.39 104.34
104.76 106.59
107.47 110.11
110.36 111.41
112.71 113.64
114.05 115.81
116.51 118.47
118.85 119.70
119.72 121.02
