0.18 2.51
3.80 4.29
5.60 6.12
6.59 8.86
9.25 10.37
10.76 14.52
14.53 15.48
15.90 17.50
18.16 18.91
19.15 21.29
21.54 22.85
23.05 24.11
24.37 25.00
29.08 29.57
31.25 33.09
33.15 34.34
34.44 35.15
35.94 37.89
38.02 38.88
39.18 40.97
41.27 42.43
42.77 43.71
44.24 47.09
47.24 47.87
47.95 48.92
49.48 50.77
51.53 52.53
56.19 56.76
57.74 58.57
58.88 59.76
60.00 60.94
61.07 65.83
65.90 68.66
68.80 70.11
70.16 71.56
72.12 74.52
74.65 76.94
77.07 78.95
81.58 82.16
83.26 85.44
85.63 86.84
87.33 89.33
89.48 91.16
91.20 92.16
92.43 94.09
94.24 95.24
95.38 97.26
97.41 98.58
98.98 99.66
99.93 100.64
100.94 102.40
