0.10 3.24
3.24 6.72
6.72 13.48
13.48 13.92
13.92 14.56
14.56 16.36
16.36 17.72
17.72 18.04
18.04 18.32
18.32 19.40
19.40 22.88
22.88 23.96
23.96 24.64
24.64 25.84
25.84 26.04
26.04 29.52
29.52 31.60
31.60 33.32
33.32 34.52
34.52 34.80
34.80 35.24
35.24 38.52
38.52 39.52
39.52 39.96
39.96 41.52
41.52 44.76
44.76 47.24
47.24 47.56
47.56 47.76
47.76 48.48
48.48 49.12
49.12 52.28
52.28 54.84
54.84 56.08
56.08 58.44
58.44 60.00
60.00 65.48
65.48 74.12
74.12 74.92
74.92 75.76
75.76 77.60
77.60 80.68
80.68 84.96
84.96 86.00
86.00 92.56
92.56 93.56
93.56 95.80
95.80 97.56
97.56 99.76
99.76 101.72
101.72 102.16
102.16 102.84
102.84 104.96
104.96 106.20
106.20 112.36
112.36 113.12
113.12 115.16
115.16 117.32
117.32 119.80
119.80 119.88
119.88 122.32
122.32 123.08
123.08 123.52
123.52 124.00
124.00 127.60
127.60 127.88
127.88 130.20
130.20 132.76
132.76 139.68
139.68 142.68
142.68 143.92
143.92 146.68
146.68 148.92
148.92 150.52
150.52 154.24
154.24 157.44
157.44 159.40
159.40 162.68
162.68 165.72
165.72 168.40
168.40 169.68
169.68 172.04
172.04 178.16
178.16 183.24
183.24 184.40
184.40 187.72
187.72 190.48
190.48 193.20
193.20 195.48
195.48 196.96
196.96 197.88
197.88 200.24
200.24 200.56
200.56 201.20
201.20 201.72
201.72 202.16
202.16 209.44
209.44 211.00
211.00 212.48
212.48 214.72
214.72 215.00
215.00 215.20
215.20 219.08
219.08 220.76
220.76 221.40
221.40 224.68
224.68 229.16
229.16 232.68
232.68 233.68
233.68 234.48
234.48 234.72
234.72 235.60
235.60 239.60
239.60 243.68
243.68 244.12
244.12 246.80
246.80 247.80
247.80 252.12
252.12 252.56
252.56 257.88
257.88 264.00
264.00 270.40
270.40 273.72
273.72 276.08
276.08 277.88
277.88 282.96
282.96 284.96
284.96 288.44
288.44 293.24
293.24 299.80
299.80 300.68
300.68 302.68
302.68 306.00
306.00 306.36
306.36 307.64
307.64 315.08
315.08 318.12
318.12 318.76
318.76 321.32
321.32 321.84
321.84 323.04
323.04 325.04
325.04 325.24
325.24 327.12
327.12 327.44
327.44 329.44
329.44 329.96
329.96 332.36
332.36 335.40
335.40 337.84
337.84 338.44
338.44 339.84
339.84 342.80
342.80 343.04
343.04 344.00
344.00 345.20
345.20 347.04
347.04 348.96
348.96 351.64
351.64 354.44
354.44 356.24
356.24 358.84
358.84 361.44
361.44 362.20
362.20 362.72
362.72 364.00
364.00 368.60
368.60 369.64
369.64 370.20
370.20 371.80
371.80 377.76
