0.10 3.00
3.00 6.72
6.72 12.44
12.44 14.44
14.44 15.00
15.00 16.88
16.88 17.80
17.80 18.72
18.72 21.64
21.64 22.84
22.84 25.12
25.12 26.88
26.88 30.64
30.64 35.44
35.44 37.52
37.52 43.44
43.44 49.08
49.08 50.24
50.24 51.48
51.48 54.92
54.92 56.16
56.16 56.44
56.44 57.72
57.72 58.36
58.36 63.52
63.52 64.60
64.60 67.08
67.08 71.84
71.84 72.12
72.12 73.68
73.68 74.92
74.92 76.68
76.68 78.56
78.56 80.72
80.72 81.16
81.16 84.60
84.60 85.84
85.84 89.36
89.36 89.92
89.92 92.04
92.04 97.56
97.56 99.08
99.08 104.56
104.56 107.24
107.24 108.08
108.08 111.24
111.24 114.28
114.28 118.72
118.72 121.60
121.60 127.92
127.92 131.44
131.44 132.40
132.40 136.32
136.32 140.20
140.20 141.60
141.60 144.64
144.64 148.00
148.00 151.40
151.40 154.96
154.96 157.40
157.40 157.80
157.80 161.32
161.32 162.08
162.08 169.16
169.16 171.56
171.56 174.72
174.72 175.20
175.20 176.60
176.60 179.92
179.92 181.48
181.48 183.80
183.80 185.52
185.52 187.76
187.76 191.56
191.56 194.56
194.56 199.48
199.48 202.80
202.80 204.56
204.56 206.16
206.16 211.64
211.64 215.00
215.00 215.96
215.96 219.36
219.36 220.24
220.24 223.36
223.36 227.56
227.56 231.40
231.40 238.80
238.80 242.64
242.64 249.16
249.16 256.08
256.08 257.84
257.84 258.56
258.56 259.72
259.72 262.88
262.88 267.48
267.48 268.40
268.40 270.80
270.80 276.72
276.72 276.96
276.96 281.24
281.24 281.76
281.76 282.76
282.76 283.56
283.56 285.36
285.36 288.44
288.44 293.68
293.68 293.96
293.96 295.32
295.32 296.52
296.52 298.12
298.12 300.36
300.36 300.68
300.68 304.96
304.96 308.32
308.32 310.36
310.36 311.76
311.76 313.40
313.40 315.20
315.20 315.76
315.76 318.20
318.20 318.84
318.84 320.52
320.52 322.28
322.28 324.28
324.28 327.28
327.28 329.08
329.08 330.08
330.08 332.04
332.04 333.84
333.84 335.88
335.88 337.64
337.64 338.92
338.92 341.60
341.60 344.68
344.68 345.12
345.12 346.36
346.36 350.12
350.12 352.12
352.12 354.20
354.20 354.88
354.88 356.68
356.68 362.56
362.56 363.20
363.20 363.72
363.72 369.12
369.12 369.88
369.88 371.96
371.96 377.88
