0.10 3.28
3.28 6.72
6.72 13.64
13.64 14.08
14.08 14.72
14.72 16.56
16.56 18.00
18.00 18.24
18.24 18.68
18.68 19.56
19.56 23.08
23.08 23.68
23.68 26.32
26.32 27.00
27.00 30.20
30.20 32.32
32.32 34.68
34.68 36.52
36.52 38.64
38.64 39.68
39.68 41.16
41.16 47.12
47.12 50.76
50.76 50.92
50.92 51.80
51.80 52.24
52.24 60.60
60.60 63.68
63.68 64.76
64.76 69.48
69.48 72.52
72.52 72.84
72.84 74.92
74.92 76.40
76.40 79.84
79.84 81.08
81.08 84.16
84.16 86.88
86.88 95.32
95.32 98.20
98.20 105.80
105.80 109.60
109.60 111.56
111.56 115.32
115.32 119.48
119.48 124.96
124.96 130.36
130.36 132.88
132.88 135.48
135.48 137.80
137.80 139.08
139.08 143.60
143.60 144.16
144.16 144.44
144.44 147.32
147.32 151.88
151.88 152.20
152.20 154.00
154.00 155.80
155.80 158.32
158.32 158.76
158.76 161.48
161.48 162.28
162.28 165.52
165.52 167.04
167.04 167.36
167.36 171.48
171.48 171.96
171.96 174.16
174.16 175.80
175.80 176.80
176.80 177.00
177.00 181.00
181.00 185.08
185.08 187.00
187.00 187.40
187.40 187.72
187.72 190.68
190.68 193.48
193.48 197.20
197.20 201.32
201.32 203.08
203.08 205.08
205.08 206.60
206.60 206.96
206.96 208.24
208.24 215.00
215.00 218.24
218.24 220.68
220.68 222.08
222.08 222.48
222.48 227.84
227.84 228.36
228.36 235.60
235.60 236.04
236.04 238.84
238.84 241.12
241.12 243.72
243.72 247.84
247.84 251.76
251.76 253.24
253.24 257.32
257.32 261.48
261.48 264.12
264.12 267.52
267.52 269.24
269.24 270.88
270.88 271.52
271.52 274.40
274.40 275.08
275.08 276.60
276.60 279.28
279.28 284.52
284.52 285.52
285.52 287.32
287.32 291.28
291.28 291.64
291.64 294.68
294.68 298.12
298.12 298.76
298.76 299.40
299.40 305.80
305.80 312.76
312.76 313.08
313.08 313.64
313.64 314.48
314.48 316.52
316.52 317.28
317.28 322.08
322.08 323.48
323.48 327.12
327.12 329.68
329.68 331.88
331.88 334.08
334.08 335.72
335.72 336.40
336.40 338.20
338.20 338.96
338.96 340.08
340.08 340.36
340.36 343.36
343.36 343.84
343.84 345.40
345.40 347.40
347.40 349.76
349.76 352.04
352.04 354.12
354.12 356.76
356.76 359.44
359.44 361.80
361.80 363.84
363.84 365.20
365.20 366.00
366.00 371.36
371.36 372.48
372.48 373.56
373.56 374.96
374.96 381.88
