0.24 3.48
3.73 5.35
5.71 8.95
9.57 13.62
14.66 18.24
19.13 21.08
24.13 25.55
26.64 30.33
30.53 31.86
32.28 34.22
34.53 35.86
36.35 38.31
38.33 40.71
41.64 45.33
46.02 47.64
47.88 49.46
49.51 50.48
51.44 52.97
53.20 55.17
55.77 57.40
57.40 58.55
59.04 62.20
63.71 65.66
65.93 67.86
68.22 70.08
71.55 74.17
74.24 77.28
78.02 80.24
80.48 81.71
82.11 85.15
86.00 88.60
89.62 90.86
91.13 92.42
92.82 93.82
95.57 97.80
98.15 101.68
102.55 105.88
106.53 108.84
109.06 111.51
112.04 113.73
114.06 116.04
117.26 119.22
119.66 120.91
121.42 127.35
127.62 129.02
131.31 134.11
134.28 137.44
137.55 138.82
138.88 139.53
140.31 144.31
144.48 147.28
148.08 153.86
154.75 156.11
156.51 159.15
159.48 161.35
161.80 164.40
164.62 167.00
167.17 169.00
171.75 172.57
173.62 176.51
177.17 180.71
181.40 184.22
185.40 189.15
189.62 192.75
194.00 196.00
196.40 198.64
198.97 202.04
202.44 204.62
205.71 207.66
207.93 209.44
209.86 212.40
213.77 215.97
216.37 219.22
219.57 222.02
223.62 227.82
228.48 233.24
233.64 236.06
236.84 239.55
240.42 242.26
242.88 243.95
244.22 246.77
247.26 248.48
248.66 251.93
252.64 256.20
256.46 259.71
260.35 262.51
262.66 264.86
265.24 268.40
269.20 270.11
270.75 272.82
274.46 276.66
276.75 280.11
280.71 286.17
286.71 288.73
288.75 290.51
291.17 292.64
292.91 295.44
295.77 299.15
299.64 302.62