0.24 3.75
4.53 7.11
7.80 12.93
13.13 14.46
14.62 16.13
16.37 18.31
19.24 21.22
21.35 24.48
24.95 28.64
28.75 29.84
30.11 31.91
32.97 34.13
34.24 35.91
36.20 38.84
39.33 40.84
41.15 42.42
42.84 43.91
44.06 47.02
49.17 53.37
54.51 56.95
57.08 59.77
60.82 63.68
63.91 65.44
65.97 68.33
69.51 72.60
72.75 73.42
73.88 78.31
79.06 81.31
81.82 83.57
83.86 86.84
87.22 89.75
90.04 92.55
92.82 94.66
96.48 98.91
99.68 101.22
101.37 104.35
104.71 106.02
106.26 108.17
109.20 113.31
113.57 115.57
116.35 118.55
118.86 120.13
120.31 123.06
123.71 125.04
125.11 126.31
126.64 129.06
129.15 130.71
132.17 134.60
134.71 137.06
137.31 138.95
139.53 143.08
143.68 145.02
145.35 147.13
147.82 149.62
149.91 152.22
152.48 153.86
154.02 156.20
156.97 159.31
159.62 161.33
161.64 163.20
163.28 165.68
167.00 170.26
170.35 172.51
173.28 175.37
176.57 179.31
179.80 183.55
183.91 186.93
187.84 190.91
191.37 193.11
193.75 197.53
198.37 200.82
200.91 204.84
205.46 208.04
209.31 211.06
211.20 212.42
212.68 216.44
217.37 220.35
220.80 223.82
225.93 228.60
229.64 233.82
234.42 235.95
236.11 237.55
237.73 239.33
240.20 241.22
241.93 244.31
244.93 247.44
247.71 251.40
252.22 257.00
257.80 260.40
260.75 263.73
264.06 268.48
269.80 270.60
270.84 273.33
273.64 278.82
281.97 285.31
285.77 288.73
289.04 291.73
292.20 293.60
294.55 295.40
295.48 297.04
297.28 299.11
299.55 302.75
302.77 304.15
304.46 306.64
307.13 309.02
309.62 311.46
311.84 316.28