0.28 4.15
4.80 6.93
7.15 11.64
13.40 15.55
15.60 17.84
18.42 20.11
20.55 23.37
23.84 25.77
25.77 27.04
28.53 31.46
32.55 34.53
34.84 37.13
38.11 40.44
40.73 45.13
46.04 47.66
48.57 50.15
50.53 52.02
53.20 57.00
57.55 58.60
58.84 61.88
62.13 64.71
65.75 69.40
69.80 73.04
74.97 77.22
78.11 81.86
82.51 85.84
86.95 89.77
89.93 90.82
91.48 93.15
93.40 95.42
96.22 98.26
98.53 100.31
100.44 101.08
101.77 103.28
103.40 104.55
104.86 105.95
107.53 109.53
109.93 111.44
111.91 114.35
114.62 117.68
118.00 119.84
119.95 121.71
121.82 123.80
124.20 125.71
127.37 129.88
130.06 131.40
131.77 133.86
133.95 136.28