0.13 3.48
3.75 4.88
5.06 7.53
8.48 13.44
13.97 16.86
16.95 20.11
21.44 22.33
22.64 23.71
24.24 25.91
26.06 28.33
28.37 30.35
32.04 34.91
35.13 39.24
39.88 44.86
46.20 48.66
48.91 51.00
52.40 55.31
55.31 57.64
59.51 62.20
62.26 63.80
63.80 65.80
67.06 68.57
69.04 71.66
71.95 73.95
75.82 77.53
78.26 81.08
81.86 85.88
85.88 88.02
89.28 92.71
93.97 97.26
97.84 99.86
99.97 102.46
102.57 105.20
106.53 108.22
108.75 109.88
110.93 112.60
112.88 116.73
117.08 119.64
121.60 126.31
126.42 130.60
131.08 132.04
132.60 137.11
137.73 140.22
140.80 144.17
144.60 146.80
148.20 149.93
150.22 151.77
152.73 155.84
156.11 158.77
159.13 161.33
161.68 164.08
164.22 165.71
166.04 167.93
169.64 172.00
172.33 174.84
175.93 178.51
178.51 180.51
181.44 184.20
184.97 186.97
187.84 190.48
190.57 193.31
194.13 197.20
197.42 198.42
198.42 200.00
200.62 201.88
202.04 204.84
206.64 209.53
209.53 211.88
212.24 215.06
215.11 217.66
217.88 220.55
220.73 223.13
223.51 226.86
227.04 230.31
231.62 234.71
234.71 237.13
237.53 240.33
240.44 242.80
243.11 246.02
246.02 248.35
248.68 251.86
252.33 256.40
259.08 260.15
260.95 262.13
262.88 265.15
265.68 267.62
267.82 270.71
271.82 272.55
272.64 277.44
278.62 281.15
281.40 282.71
283.91 285.86
285.93 287.62
288.24 291.97
293.06 294.28
294.60 296.57
296.95 298.95
299.51 300.88
301.13 305.22