0.20 2.93
2.93 6.15
7.42 10.48
11.26 14.04
14.77 16.75
17.02 18.73
19.42 21.48
23.04 24.28
24.37 28.95
29.82 32.84
32.95 35.80
36.62 39.82
40.37 42.64
43.06 45.00
45.13 46.73
47.00 50.22
51.08 53.26
54.00 55.91
56.15 57.86
57.93 59.88
60.08 62.17
62.17 64.26
65.71 68.37
68.77 71.42
71.97 74.53
74.86 77.17
78.68 81.33
81.84 84.40
85.00 86.71
86.97 88.44
89.95 90.95
91.06 92.13
92.26 94.80
95.11 97.80
99.44 100.15
100.46 101.51
101.97 106.00
107.15 109.17
109.84 110.93
111.33 113.13
113.48 115.24
115.75 117.08
117.40 119.97
121.06 123.42
123.91 125.42
126.02 128.46
129.48 131.71
132.31 133.80
134.06 137.48
138.13 139.22
139.53 140.71
143.53 148.08
148.44 151.02
151.95 155.57
156.20 159.26
159.53 161.60
161.97 164.64
165.42 166.77
167.08 169.06
169.42 172.46
173.55 174.46
174.42 176.62
176.86 177.91
178.37 179.91
180.80 181.51
182.17 182.95
183.53 185.93
185.97 188.35
189.13 191.71
191.91 193.44
194.71 195.80
195.80 199.51
200.00 203.88
204.46 206.22
206.53 208.53
209.04 210.53
210.53 212.17
213.24 215.93
216.08 219.37
219.97 220.97
222.20 223.82
223.93 226.02
227.42 230.48
230.60 231.95
232.62 236.15
237.02 239.95
240.28 241.62
241.71 242.86
242.95 244.80
246.62 248.33
248.48 250.13
250.15 251.53
252.48 256.88
258.26 262.91
263.46 265.17
265.24 267.17
267.26 268.40
269.15 270.04
270.84 272.20
272.55 275.75
276.42 279.95
280.17 281.04
281.08 282.62
284.44 287.44
288.37 290.22
290.62 293.66
293.88 296.15
297.44 299.86
300.15 301.97
302.31 302.88
304.48 305.35
305.44 308.24
309.17 310.15
311.42 313.13
313.66 315.15
315.24 316.40
317.15 319.22
319.53 322.80
324.37 325.51
325.97 328.37
328.77 330.28
330.55 332.51
333.02 335.22
335.48 336.75
336.97 337.73
337.88 338.88
339.22 340.51
341.46 345.08
345.55 348.02
348.86 355.46
356.35 358.04
358.15 359.35
359.93 362.24
362.44 364.48
364.48 367.04
367.77 370.22
371.75 372.22