14.94 18.65
18.73 21.99
22.07 25.91
25.99 29.5
29.58 33.08
33.17 36.29
36.38 40.84
40.92 45.09
45.18 48.93
49.01 52.64
52.73 56.52
56.61 60.23
60.32 63.74
63.82 67.57
67.66 71.7
71.79 76.29
79 83.8
83.88 85.76
86.93 88.68
88.76 90.39
90.47 92.81
92.89 97.1
97.19 99.23
99.32 101.36
101.44 103.03
103.11 106.57
107.28 109.37
109.45 110.95
112.58 113.7
113.79 116.66
116.75 118.67
118.75 122
122.67 123.92
124.01 127.93
128.01 132.1
133.6 136.1
136.19 138.85
138.94 141.69
141.77 143.57
143.65 146.49
146.57 150.78
150.87 153.12
153.58 155.75
155.83 159.33
160.88 164
164.09 167.31