4.58 5.7
8.5 9.87
10.75 12.21
13.67 16.26
16.34 18.88
18.97 21.68
21.76 23.89
23.97 26.6
31.15 33.65
33.73 35.02
37.19 38.4
41.57 42.91
42.99 46.2
47.46 51.79
54.29 56.63
57.42 60.68
60.76 63.14
63.22 66.06
82.74 87.95
88.04 89.45
92.29 94.71
94.79 96.92
97 98.96
99.46 100.59
100.68 103.68
103.76 105.76
105.85 110.02
110.98 113.31
113.4 116.23
116.32 118.94
119.03 121.61
121.7 125.24
125.33 129.08
129.16 130.45
130.54 132.66
132.75 135.67
135.75 138.84
138.92 141.09
141.17 144.38
144.47 145.47
145.55 147.6
147.68 149.77
149.85 153.64
153.73 155.48
155.56 158.15
158.23 159.4
160.53 162.82
162.9 165.78
165.87 167.91
168.62 170.95
171.04 172.25