0.16 3.79
3.87 9.08
10.34 13.05
13.13 14.88
15.34 17.72
17.8 20.06
20.14 22.64
22.72 24.98
25.06 27.48
27.56 30.69
30.77 34.87
34.95 37.32
37.41 39.33
40.62 44.67
44.75 47.12
47.21 49.26
49.33 52.01
52.09 54.63
54.71 57.09
57.18 60.22
60.3 64.56
64.64 66.94
67.02 69.36
71.02 73.32
73.4 75.74
75.82 77.12
78.57 80.99
81.07 83.45
83.54 85.91
86 88.47
88.54 90.79
90.88 93.22
93.42 96.59
96.67 98.8
98.97 101.47
101.55 103.6
103.68 106.14
106.47 108.48
108.56 110.81
110.9 113.15
113.23 115.48
115.57 118.54
118.61 122.74
122.82 125.28
125.37 130
130.08 134.3
134.38 137.6
142.43 145.55
151.27 152.56
153.27 156.9
156.98 158.19
158.28 161.36
161.45 162.57
162.78 165.83
165.91 167.24
167.33 168.58
168.66 172.29
172.87 174.87
174.96 179.55
179.63 182.47
183.09 185.14
188.97 192.06
192.14 195.23
195.81 198.11
198.19 201.61
201.7 204.11
204.32 206.12
206.2 208.99
209.08 212.08
212.16 214.16
214.25 217.08
217.17 219.59
220.84 221.92
222.01 224.51
224.59 226.93
227.01 228.89
230.02 232.43