0.45 4.21
4.29 7.88
7.96 11.09
11.17 15.3
15.64 20.31
20.47 22.52
22.6 25.69
26.19 29.57
29.65 31.4
33.57 35.7
35.82 38.99
39.12 42.25
42.33 44.46
44.54 46.25
46.33 47.71
48.5 50.59
50.67 53.97
54.05 55.59
55.68 58.1
58.18 60.01
60.1 61.14
61.22 63.6
63.68 67.35
67.44 68.86
68.94 71.11
71.19 74.28
74.36 76.24
76.32 78.78
78.87 80.79
80.87 83.75
83.83 87.12
87.21 88.5
88.58 90.96
91.05 93.42
93.55 94.76
94.84 98.72
98.89 101.35
101.43 103.1
103.72 107.35
107.44 109.02
109.11 111.4
112.27 114.74
114.82 116.95
117.03 119.74
120.49 123.91
124 125.04
125.12 127.87
127.96 132.34
132.42 134.38
134.46 137.68
137.76 139.43
140.39 141.56
142.1 143.85
143.93 145.97
146.06 148.44
148.52 151.31
151.48 152.81
152.9 155.65
155.74 158.9
158.99 162.53
162.62 164.41
164.95 167.29
167.37 170.21
170.29 171.67
173.13 177.17
177.26 179.22
179.3 181.51
182.93 184.26
184.97 188.06
188.14 190.89
190.98 195.02
195.11 196.15
196.23 199.11
199.2 202.78
202.87 204.16
205.24 206.24
207.5 211
212.37 213.54
218.34 220.97
228.81 230.48
230.56 232.77
232.85 234.85
234.94 239.49