3.35 7.31
8.52 14.24
14.36 16.45
16.53 19.12
19.2 22.79
24.37 26.96
27.04 28.84
29.08 33.96
34.09 38.17
39.01 41.56
41.64 43.73
43.8 48.23
48.31 52.99
53.06 56.99
58.03 60.12
60.36 62.49
62.7 66.95
67.04 70.29
70.37 71.83
71.92 74.71
74.79 76.38
76.46 81.01
81.09 82.97
83.05 85.3
85.39 89.81
89.89 94.61
94.69 96.86
96.94 99.11
99.19 103.29
103.36 107.46
107.53 111.16
111.25 112.75
112.83 116.21
116.34 118.96
119.05 123.02
123.09 125.84
125.93 132.53
132.6 136.94
137.02 139.03
139.11 141.2
141.28 143.2
143.28 145.5
145.57 147.25
147.32 149.04
149.12 151.21
151.29 157.5