0.78 4.24
5.83 7.79
7.87 10.46
10.54 12.29
12.38 15.46
15.55 19.51
19.84 21.51
21.6 24.56
24.64 25.81
25.89 28.98
29.06 32.4
34.23 37.4
37.9 40.61
42.16 44.91
45.04 48
52.38 54.08
57.01 61.22
62.55 66.06
66.14 68.39
70.98 72.14
72.23 74.23
84.49 86.37
86.45 88.29
88.37 90.83
91.75 95.58
95.67 98.05
98.13 100.38
100.47 104.05
104.14 106.85
106.93 111.52
111.6 114.27
115.77 117.9
117.98 120.15
120.24 124.41
124.53 126.7
126.78 129.49
129.58 132.83
132.91 135.87
135.96 137.5
137.71 141.42
141.55 144.3
144.84 146.68
147.72 152.14
152.35 157.27