9.05 10.38
12.38 15.26
16.47 18.89
18.97 20.56
20.64 22.93
23.02 25.77
26.31 28.4
29.82 31.44
32.32 33.44
33.53 34.9
34.99 37.24
37.91 39.58
40.2 44.29
44.37 46.75
46.83 49.17
50.25 53.84
53.92 55.51
56.47 59.93
60.14 62.85
62.93 65.64
65.73 67.31
68.11 70.23
70.31 72.02
72.11 73.4
73.48 74.65
75.24 77.24
78.41 79.99
80.78 83.54
83.87 85.79
85.87 88.79
89.83 92.13
92.21 93.8
93.88 95.96
96.67 100.3
100.39 102.1
103.47 105.98
106.14 108.31
108.4 110.19
110.27 114.07
114.15 115.9
117.45 118.65
120.62 123.24
123.91 126
126.75 127.96
128.04 130.04
130.5 131.92
132 133.67
133.75 136.67
138.13 139.72
139.8 142.55
142.64 145.56
145.64 147.93
149.77 152.02
154.52 155.86