11.75 15.09
15.8 19.55
19.64 21.26
21.39 27.32
27.39 31.27
31.4 34.74
35.15 38
38.07 41.57
41.66 45.58
45.66 49.26
49.42 54.17
54.25 56.93
57.01 60.76
60.84 64.85
64.93 69.44
69.52 73.69
73.77 77.4
77.49 81.24
81.41 84.95
85.03 88.04
88.12 91.22
91.33 95.21
95.3 99.05
99.13 103.39
103.47 106.85
106.93 110.15
110.23 114.23
114.31 118.82
118.9 125.58
125.66 129.38
129.45 133.42
133.5 137.72
137.8 141.52
155.86 158.9
161.36 163.7
163.86 165.95
166.12 167.95
169.12 172.04
172.12 174.29
174.37 176.71
176.79 178.5
178.59 180.5
180.59 184.72
184.8 186.8
186.89 188.55
190.72 192.18
193.73 195.44
195.52 198.52
198.61 201.07
203.24 205.15
206.53 208.53
208.91 211.2
211.29 213.83
213.91 216.42
218.38 219.92
242.78 245.57
245.95 247.36
271.3 273.01
277.81 281.56