5.96 7.76
7.84 11.76
11.84 15.56
15.64 18.68
18.77 21.44
23.1 26.27
26.36 28.15
28.74 32.41
32.49 34.62
34.7 36.41
36.49 38.99
39.62 43
43.08 46.17
46.25 48.38
48.46 50.88
50.97 53.01
53.09 54.72
56.76 57.93
58.02 60.72
61.52 63.77
63.85 66.27
66.36 68.48
68.57 70.61
70.7 72.82
72.91 74.78
74.87 77.03
77.99 80.2
84.12 87.63
87.71 90.21
90.3 93.26
93.34 94.84
94.93 97.26
97.35 99.43
101.89 103.48
103.56 107.1
108.48 110.36
111.69 114.24
114.32 116.41
117.07 119.49
119.58 122.75
122.83 126.12
126.21 127.37
127.46 129.71
129.8 132.17
132.26 135.43
136.14 139.76
139.85 140.85
140.93 144.18
144.27 146.69
149.98 153.61
153.69 157.28
158.37 159.37
159.45 163.37
163.45 166.58
166.66 169.25
169.33 170.42