3.75 5.75
5.84 7.17
10.17 12.88
20.56 23.48
23.56 25.6
32.4 36.11
36.74 37.82
37.91 41.29
41.37 44.79
44.87 46.46
46.54 50.17
50.26 53.34
53.42 55.97
56.05 58.39
58.47 62.02
62.1 64.27
64.35 67.52
68.02 71.02
71.69 73.86
75.49 78.95
79.03 81.12
81.62 84.41
88.63 90.54
91.59 95.38
97.18 98.97
102.51 104.6
104.68 106.85
106.94 108.85
114.69 116.32
118.61 120.66
121.2 123.37
123.45 126.62
127.71 129.96
130.5 132.46
133.21 135.09
135.17 137.17
140.8 143.68
144.01 145.14
148.19 150.65
150.73 153.65
153.73 157.57
157.65 159.99
160.07 161.99
163.2 165.79
165.87 170.62
171.92 173.17
173.25 175.21
175.51 177.46
177.55 180.59
180.68 183.18
183.26 184.81
184.89 187.81
187.89 189.43
192.4 196.57