0.16 2.33
3.54 6.08
6.17 8.92
9 11.75
11.84 15.18
15.26 18.51
18.6 22.18
27.56 29.65
29.73 32.53
32.61 34.78
34.86 36.2
38.82 41.95
42.04 45.12
45.21 48.42
48.96 50.29
50.71 53.71
68.98 70.86
70.94 73.57
74.9 77.4
77.53 79.86
79.95 81.7
81.78 84.83
85 86.62
86.71 89
89.08 91.58
91.67 94.84
94.92 97.01
97.26 103.18
103.26 105.43
106.52 108.52
108.6 113.98
114.36 116.28
116.61 120.61
122.53 124.28
126.58 127.87
127.95 130.92
131 132.46
132.54 134.63
134.79 137.09
137.17 141.27
142.09 144.27
144.35 146.73
146.81 150.11
150.19 152.9
152.98 154.06
154.15 157.44
157.53 161.91
161.99 163.99
164.07 166.54
166.62 168.75
168.83 170.87
170.96 172.93
173 174
174.08 175.59
175.67 181.35
181.43 184.05
184.14 189.18
213.96 215.96
217.17 218.63
223.01 225.14
225.22 228.81
228.89 231.68
233.19 235.44
235.52 237.56
237.65 241.53
249.33 250.53
255.29 257.12
259.67 261.05
278.52 281.4
287.32 289.66