2.7 5.33
5.41 8.5
8.58 9.87
9.96 13.54
15.72 19.63
21.6 23.85
23.93 27.68
28.14 29.98
30.06 32.61
32.69 34.06
35.57 38.03
40.53 42.57
43.87 46.2
46.54 49.33
49.41 52.33
58.55 62.01
62.09 64.18
64.56 69.39
69.69 71.9
72.94 78.4
81.07 82.61
83.87 86.66
86.74 89.66
89.75 94.25
95.54 97.34
97.42 99.76
104.43 106.1
106.18 109.18
109.27 113.19
113.27 116.31
117.23 118.86
118.94 124.36
125.91 130.12
130.2 133.87
133.96 135.96
147.76 149.43
152.23 153.89
154.44 157.73
161.65 162.82
164.32 165.78
166.66 169.24
172.87 174.2
175.83 177.54
179.5 181.71
183.05 184.09
184.18 187.34
190.31 191.93
197.77 199.81
202.9 206.2
207.03 209.53
209.62 214.54
231.51 233.77
233.85 235.48
235.56 238.81
243.11 244.73
255.33 256.79
259.54 261.83
263 268.13
268.22 271.64
271.72 275.85
275.93 278.64
279.56 281.65
281.73 282.73
282.81 285.57
285.78 288.36
288.45 292.16
293.45 294.7
294.78 297.87
298.37 300.75
300.83 303.92
304 305.5
305.75 308.46
308.67 312.84
316.64 320.23
325.77 327.73
329.15 330.9
330.99 332.65
335.28 340.25
340.33 342.66
343.79 348.84
348.92 352.34
352.97 355.76
355.85 357.06
357.14 359.27
359.85 363.1
363.19 365.1
365.19 368.15
368.23 369.65
370.03 372.95