14.8 16.97
17.05 20.64
20.72 21.89
21.98 25.98
28.11 30.27
36.2 37.74
38.7 41.16
41.66 43.04
44.87 49.71
49.79 52.75
53.55 55.05
56.97 60.18
60.26 62.31
62.43 64.43
64.6 67.6
67.81 69.73
69.82 74.11
74.28 76.45
77.82 79.87
79.95 83.29
83.83 85.58
88.37 90.21
90.29 93.04
93.13 96.3
117.28 119.95
120.03 122.32
122.41 124.7
125.66 127.54
129.25 130.83
131.83 135.21
135.3 138.51
147.02 149.02
149.1 151.6
151.69 153.19
155.36 157.36
158.32 160.9
162.2 163.24
163.32 166.49
167.5 170.08
170.16 173.33
173.42 175.04
175.13 179.71
180.09 182.55
183.68 186.39
188.06 189.93
191.77 194.4
194.48 196.19
196.27 197.86
198.61 199.82
199.9 202.45
202.53 204.99
205.07 207.49
207.58 210.25
210.33 211.96
212.04 214.96
218.09 220.63
220.71 223.43
223.51 229.36
229.43 233.11
245.95 247.99