0.83 3
3.25 6.42
7.25 9.17
21.02 24.43
24.52 26.52
28.15 30.73
30.86 33.11
33.19 37.07
37.16 40.45
40.53 42.08
42.29 43.54
45.62 47.46
47.54 50.29
50.38 53.09
53.17 55.02
55.09 57.56
57.64 58.98
59.05 60.98
61.05 62.93
63.02 65.89
66.48 68.48
68.56 70.44
70.52 74.48
74.57 78.49
78.57 80.32
80.41 82.5
82.58 86.33
86.41 90.09
90.25 94.05
94.13 95.85
95.92 98.17
98.26 102.01
102.1 104.39
104.47 105.77
106.1 109.98
110.06 112.94
113.61 115.61
115.69 117.44
117.53 121.74
121.82 125.62
125.79 127.66
127.75 129.17
129.25 130.79
131.88 133.13
139.84 141.63
142.22 145.55
152.73 154.61
154.69 156.44
156.53 158.4
158.49 160.32
160.4 161.95
162.03 165.5
179.26 182.76
207.83 210.83
226.43 227.84