17.51 19.89
19.97 23.77
25.15 26.65
36.03 37.95
48.34 50.09
52.34 56.34
57.84 60.39
60.47 61.52
61.85 65.48
67.02 68.52
69.27 70.69
72.07 73.53
78.37 82.37
82.45 84.91
85 87.29
87.37 89.13
89.21 91.46
91.55 93.05
93.13 94.46
94.55 96.22
98.51 99.97
104.23 107.06
117.41 119.41
123.24 124.91
125.25 126.41
126.5 129.5
130.13 133.13
133.21 136.09
136.17 137.84
137.93 140.68
140.76 143.8
143.89 145.39
145.89 149.52
149.6 151.02
151.1 152.61
152.69 155.23
155.32 158.28
158.36 159.82
159.91 162.66
162.74 164.95
167.46 171
174.79 176.67
176.76 178.97
179.05 181.68
181.76 184.05
184.14 187.68
191.98 193.1
193.19 195.48