2.54 5.46
5.54 8.67
8.88 11.17
12.13 14.72
18.09 20.51
20.6 24.52
24.6 27.73
28.27 30.65
30.73 33.03
33.11 36.53
37.53 43.08
43.75 45.37
49.58 51.54
59.13 61.93
63.01 64.27
65.85 68.56
71.31 72.69
73.4 75.78
77.61 81.28
83.7 85.45
87.21 88.58
90.71 92.63
94.25 95.92
96.01 97.46
97.55 99.17
99.63 103.05
103.14 104.89
104.97 109.1
110.77 112.77
114.4 116.07
116.15 118.44
118.53 121.2
121.28 124.57
125.99 127.29
127.37 129.91
130 132.25
132.33 134.71
134.79 136.42
141.84 143.93
144.85 146.22
146.31 148.85
149.85 153.02
154.86 157.36
158.28 160.69
161.74 163.03
165.28 166.7
167.58 170.96
171.04 172.12
172.21 174.96
175.04 179.09
179.17 182.3
182.38 183.93
186.55 189.39
191.89 193.48
193.56 195.73
195.81 197.15
197.23 198.4
198.48 201.07
201.15 202.57
208.08 212.45
213.5 215.79
216 217.79
218.55 221.67
221.76 222.84
222.92 225.88
227.39 231.22
232.77 234.14
234.44 236.06
236.15 239.36
239.44 243.49
243.57 247.32
247.41 251.12