0.28 5.23
5.44 6.72
7.29 7.96
8.86 10.96
12.03 13.40
13.65 14.43
15.04 19.38
20.01 26.71
27.38 29.53
29.80 31.48
32.70 33.89
34.38 35.19
36.37 37.29
37.67 38.66
39.14 42.17
42.46 44.62
45.38 46.43
46.89 47.50
48.00 52.22
52.48 53.40
54.01 55.39
57.01 58.69
59.07 59.93
60.35 64.84
65.71 68.26
68.75 72.06
72.93 76.26
76.39 78.01
78.01 80.81
80.81 82.81
83.07 85.05
85.94 87.64
87.64 89.95
90.09 91.17
92.35 96.35
96.46 98.52
99.03 101.63
101.79 104.03
104.03 105.60
106.18 109.60
110.13 114.77
115.04 118.06
118.46 119.81
119.81 121.30
122.12 123.39
123.81 124.61
124.92 126.83
126.96 127.96
128.36 129.82
130.09 133.38
133.62 138.08
138.73 141.46
141.61 143.74
143.90 146.50
146.96 149.38
149.71 151.11
151.65 154.09
154.51 157.82
158.55 161.48
161.64 162.75
162.81 165.10
165.43 167.12
167.12 168.34
169.85 171.58
171.83 172.71
173.05 177.93
178.33 180.77
182.13 185.57
185.79 186.50
186.88 189.78
190.14 193.65
194.29 197.84
198.00 202.06
203.19 204.48
205.08 206.06
206.39 208.06
208.61 211.05
211.41 214.89
217.05 218.20
218.29 220.62
220.93 222.20
222.20 223.75
224.02 227.10
227.46 231.12
231.12 233.36
234.32 237.03
237.03 238.87
239.09 242.29
242.80 243.82
244.31 246.24
246.44 248.52
249.97 252.17
252.39 253.21
253.79 257.52
257.58 260.38
260.58 265.13
265.93 269.30
269.33 270.84
271.04 276.78
277.03 278.14
278.21 283.05
283.82 286.86
286.86 288.57
288.57 291.06
291.06 294.28
294.54 296.05
296.23 302.25