0.15 3.64
4.35 7.50
7.81 11.52
12.07 16.02
16.16 17.82
17.95 20.20
20.46 23.88
24.66 27.81
27.97 32.05
32.16 36.60
36.60 40.40
40.40 43.97
44.75 51.21
51.41 55.21
56.25 59.64
60.13 63.31
63.37 65.64
65.75 67.39
67.55 70.81
70.99 74.41
74.74 77.60
78.16 81.82
82.00 85.77
86.15 88.59
88.77 92.19
92.99 96.25
96.45 99.87
99.94 103.36
103.53 109.37
110.75 113.63
113.63 117.36
117.90 121.27
122.00 126.64
126.64 131.88
132.37 135.63
136.21 137.72
137.96 140.92
140.98 143.14
143.45 145.85
146.87 153.04
153.46 159.12
159.65 164.80
165.20 168.02
168.25 170.78
171.22 173.20
173.82 178.10
178.10 182.90
182.90 185.36
185.36 187.80
188.14 191.53
191.53 194.26
194.26 195.31
195.31 196.06
196.06 196.75
196.75 197.48
197.48 198.59
198.59 199.26
199.90 203.50
203.50 205.87
206.96 207.87
208.05 209.65
209.89 213.95
213.95 215.95
216.40 221.77
221.77 223.59
223.59 225.50
225.50 226.23
226.41 228.49
228.74 231.27
232.69 236.42
236.80 242.99
244.70 247.90
247.90 249.45
249.45 251.47
252.34 258.86
259.17 260.93
260.99 262.68
263.26 265.46
265.77 267.77
267.85 270.98
272.32 274.18
274.45 282.82
282.82 284.44
284.99 288.12
288.43 289.70
290.03 294.47
295.47 298.47
299.18 302.49
302.49 306.06
306.22 307.19