0.07 2.26
2.70 6.03
6.43 9.28
10.42 11.69
11.91 13.00
13.13 14.76
15.63 18.13
18.13 20.85
21.60 23.00
23.70 24.62
24.62 29.36
29.58 33.00
33.00 35.46
36.38 39.84
40.15 43.57
44.36 46.38
46.38 47.12
47.39 50.19
50.19 52.19
52.65 54.05
54.18 56.05
56.77 58.83
59.18 59.93
60.37 63.13
63.30 65.02
65.98 67.73
68.09 70.54
70.94 73.17
74.14 76.94
77.21 78.43
78.43 82.29
82.95 84.84
85.76 87.91
88.17 90.63
92.82 98.78
99.09 101.37
102.07 106.77
107.38 108.48
108.52 110.32
110.32 111.59
112.07 116.63
116.81 124.00
124.92 129.66
129.88 131.98
132.86 136.10
136.41 139.00
139.00 140.40
141.59 146.15
147.73 149.09
150.23 152.42
152.99 154.70
154.83 156.01
156.19 157.46
157.94 161.36
162.07 163.21
163.21 164.96
165.57 167.72
169.04 171.89
173.16 175.31
175.70 176.63
177.11 179.43
179.43 180.62
180.88 183.91
185.53 187.68
187.98 189.12
189.12 190.88
192.76 196.32
196.32 197.46
197.46 199.65
200.48 201.27
201.27 202.54
202.89 205.04
205.22 210.35
211.80 213.64
213.90 215.00
215.00 217.54
217.54 221.18
221.36 223.59
223.59 226.49
226.66 228.33
228.33 231.75
232.72 234.43
234.43 235.87
235.87 239.38
240.17 241.84
241.84 243.24
243.86 247.85
247.85 248.81
248.99 253.59
254.99 259.12
259.29 261.12
261.12 262.89
263.24 265.30
266.44 268.81
269.12 270.81
271.66 273.76
273.98 275.08
276.18 279.42
280.08 283.76
283.76 285.76
285.76 287.32
287.32 288.72
288.98 289.90
289.90 290.74
291.09 291.70
291.70 292.53
292.53 294.42
294.42 297.05
297.05 298.06
298.24 299.29
299.29 301.57
301.57 307.05