0.15 3.93
3.93 7.43
7.43 10.68
10.68 14.77
15.61 18.93
18.93 21.94
21.94 25.08
25.08 28.75
29.55 32.69
32.69 35.57
35.57 38.49
38.49 42.25
43.57 46.78
46.78 50.12
50.12 53.23
53.23 56.69
57.90 60.78
60.78 63.65
63.65 66.50
66.50 69.55
70.40 73.33
73.33 76.29
76.29 79.53
79.53 82.65
83.47 86.03
86.03 88.75
88.87 91.48
91.48 94.69
95.70 98.43
98.43 101.35
101.35 104.08
104.08 107.30
108.20 111.24
111.24 113.67
113.67 116.33
116.33 119.43
120.93 123.94
124.02 127.10
127.23 130.30
130.30 134.16
136.60 140.49
140.49 144.61
144.86 146.69
146.94 149.12
149.99 153.20
153.53 156.58
156.71 159.16
159.16 160.61
160.82 163.30
163.93 165.29
165.90 169.28
170.40 174.39
175.56 176.57
176.57 178.23
178.23 179.61
180.20 182.43
182.85 188.03
189.08 190.20
190.68 194.31
194.31 195.78
196.85 198.28
199.27 201.79
202.10 204.58
204.81 207.62
207.81 210.92
212.58 215.58
215.92 218.94
219.99 222.70
223.29 224.30
224.46 228.69
229.25 231.50
231.88 233.51
234.46 237.40
237.61 238.60
239.02 241.87
241.91 245.88
247.23 248.32
248.99 250.02
250.31 251.85
252.48 254.95
255.10 257.75
258.29 259.13
259.74 260.56
260.66 262.32
263.65 265.49
266.96 267.95
269.38 270.93
271.18 272.38
272.38 275.03
275.76 285.63
285.63 289.31
289.31 292.71
293.48 296.55
296.84 300.25
300.52 304.59
304.78 307.55
307.99 309.63
309.90 311.33
311.67 313.24