0.15 3.57
3.57 5.48
5.48 7.90
8.19 13.38
13.69 17.87
18.25 22.32
22.60 24.23
24.70 26.80
27.83 30.34
30.47 32.44
33.12 35.87
35.97 39.04
39.27 42.21
42.21 43.49
43.93 49.64
51.26 53.30
54.01 55.52
56.32 57.54
57.98 61.42
61.72 65.94
66.48 68.29
69.13 71.92
72.87 75.07
75.38 78.03
78.28 82.40
82.92 85.76
87.08 90.76
91.26 96.24
96.76 98.90
99.53 101.30
101.30 102.98
103.54 105.20
105.31 106.84
107.01 108.41
108.79 111.54
112.59 113.87
113.87 116.83
116.83 118.35
118.62 120.97
122.36 124.58
124.83 126.77
127.31 129.56
129.92 131.18
131.18 132.06
132.06 134.06
135.96 138.55
138.86 143.46
144.03 145.75
145.75 147.62
147.79 149.19
149.32 149.99
150.30 151.69
152.51 157.11
157.40 161.41
162.40 166.20
166.52 168.57
168.89 171.51
173.68 175.40
175.69 179.47
180.39 182.20
182.43 184.74
185.31 186.82
187.43 188.90
190.37 191.31
191.75 194.15
194.63 196.12
196.33 197.15
197.76 201.79
201.79 202.78
203.03 209.14
209.14 210.72
211.07 214.58
214.83 215.78
215.99 219.45
219.45 222.41
222.77 229.05
229.32 233.22
235.43 238.33
239.13 240.83
241.62 245.59
246.03 247.02
247.02 251.83
252.71 256.72
257.06 258.21
258.91 259.68
259.93 261.26
261.26 263.65