1.24 4.45
4.68 5.84
6.04 7.69
7.88 9.85
13.48 14.48
14.68 17.44
17.68 18.97
19.2 21.52
21.76 23.88
24.04 25.04
25.36 28.01
28.2 30.52
30.72 32.88
33.08 35.48
35.68 37.01
38.8 39.8
39.88 41.44
41.6 43.28
43.56 45.04
45.16 47.24
47.36 48.36
48.52 49.65
49.76 50.92
51.04 54.49
54.72 57.01
57.24 59.89
60.08 61.84
62 63.05
63.28 65.17
65.4 66.77
66.88 68.56
68.76 70.76
70.92 72.28
72.4 74.45
74.68 76.57
76.76 78.12
78.24 80.32
80.36 82.73
82.92 85.29
85.56 86.56
86.72 88.16
88.4 91.24
93.4 95.13
95.24 96.92
96.96 98.37
98.6 102.76
102.96 104.93
105.16 107.05
107.16 109.61
109.8 113.2
113.44 115.2
115.44 116.81
117 119.08
119.28 121.52
121.8 123.53
124.44 127.01
128.84 129.92
131.12 132.52
133.16 134.84
135.16 137