1.54 4.19
5.7 7.75
9.3 11.62
12.5 13.55
13.62 15.83
17.06 21.3
21.5 24.07
24.3 26.11
26.22 28.11
28.34 30.15
30.38 32.11
32.38 33.74
33.98 35.39
35.58 38.31
42.54 43.54
43.66 44.82
45.34 47.58
51.86 53.7
53.9 55.11
55.22 56.3
56.38 58.03
58.22 59.27
59.5 60.94
61.54 62.91
63.5 64.63
67.38 68.38
77.58 79.23
79.38 80.38
80.42 82.58
83.9 84.9
94.9 95.9
109.74 110.82
112.78 113.78
113.94 116.15
120.82 121.98
130.82 131.82
133.02 134.51
139.66 141.07
141.3 142.59
144.42 147.74
149.98 150.98
153.94 155.39
155.94 156.94
157.14 159.19