0.61 1.74
1.93 3.22
3.45 5.5
12.29 14.29
14.49 16.17
18.29 19.78
19.85 21.34
21.61 23.45
23.65 25.49
25.69 27.05
27.13 29.18
30.09 31.14
31.33 32.46
32.65 33.89
33.97 35.3
35.49 36.85
36.97 37.97
38.17 39.25
39.49 41.22
42.13 43.86
44.13 45.13
45.33 47.09
47.21 48.57
48.61 49.61
49.81 51.45
51.49 52.82
52.89 53.94
54.01 55.09
55.17 56.41
56.69 58.29
58.37 60.53
60.73 63.86
64.77 65.61
65.69 66.82
66.89 68.29
68.37 69.7
69.89 73.26
73.49 76.86
77.05 78.54
78.69 80.29
80.53 81.53
81.69 83.77
84.05 85.58
85.97 89.1
89.33 91.65
91.85 93.14
93.37 94.37
94.49 96.46
96.73 98.1
98.21 99.89
100.25 103.01
103.21 104.26
104.33 107.17
107.41 108.46
108.53 109.53
110.01 111.13
111.17 112.66
113.05 114.1
114.17 115.85
117.25 118.3
118.57 119.65
119.73 122.1
122.29 124.21
125.61 126.74
126.97 128.57
129.09 130.09
131.57 133.25
133.45 134.58
134.81 136.05
136.25 137.9
138.09 139.45
139.57 140.9
141.13 143.1
143.29 145.02
145.25 148.06
148.29 149.58
149.77 151.13
151.17 153.09
153.37 155.85
156.09 157.09
157.33 160.06
160.29 162.29
162.33 164.57
164.97 166.05
166.29 167.58
167.77 169.69
169.97 171.81
171.89 173.22
173.45 175.45
179.97 182.45
182.73 183.78
183.97 185.13
185.29 186.29
186.37 190.5
190.65 192.65
194.65 195.73
195.85 196.85
196.97 197.97
198.01 200.66