0.12 1.12
1.28 2.73
4.48 5.48
5.64 8.64
8.88 11.04
11.24 12.73
12.92 15.08
15.32 16.73
16.92 18.57
18.84 20.89
26.32 28.61
31.64 32.69
32.92 34.44
34.68 36.09
36.36 39.92
40.16 41.16
41.96 44.36
49.8 52.41
52.6 55.6
55.76 57.6
57.8 59.84
59.88 61.04
61.16 62.48
62.6 64.25
67.2 68.65
68.8 69.8
70.08 71.13
71.36 74.49
74.64 77.77
77.96 81.12
81.4 82.89
83.12 84.88
85.12 86.45
86.56 87.61
87.8 88.8
89.32 91.24
91.48 92.61
92.72 95.4
95.64 97.44
99.16 100.65
100.92 102.65
103 105.48
105.72 106.85
107.48 111.33
111.48 112.69
112.92 114.84
115 117.61
117.84 119.92
120.04 121.37
121.56 123.29
123.52 126.13
126.36 129.01
129.2 130.53
130.88 132.17
132.36 134.52
135.56 137.29
137.52 140.21
140.44 142.12
142.36 144.12
144.24 145.65
145.88 147.61
147.76 149.81
150.88 152.72
153.08 155
158.96 161.69
161.88 165.01
166.28 167.33
167.44 168.57
170.84 172.25
172.44 174.89
175.08 176.21
176.4 177.4
178.8 180.64
180.92 182.08
182.28 184.04
184.24 186.48