7.26 8.39
18.34 19.75
20.02 21.02
21.06 22.51
22.86 24.19
24.5 26.42
28.42 29.42
29.54 31.06
31.14 32.38
32.5 34.39
34.58 36.74
36.98 38.79
39.02 41.23
41.46 43.62
43.78 45.14
45.38 47.91
51.5 52.55
52.62 55.23
55.46 57.75
57.94 61.07
61.26 62.91
63.06 64.39
64.54 65.91
66.02 67.75
68.06 70.9
71.1 74.15
74.42 76.34
76.58 79.47
87.02 88.1
88.18 90.07
90.26 93.63
93.9 95.79
96.02 97.94
99.22 100.74
100.86 102.27
102.46 104.38
104.62 106.51
107.3 108.95
109.22 111.27
111.46 113.78
113.98 115.06
115.3 116.95
117.06 118.43
118.54 119.54
119.62 121.35
121.5 123.14
123.18 124.34
124.58 126.1
126.3 127.98
128.18 129.98
130.02 131.02
131.1 132.1
132.18 134.63
134.9 136.98
137.14 140.14
140.34 142.18
142.5 143.63
144.14 145.82
145.94 148.51
148.74 151.51
151.7 153.67
154.1 156.06
156.1 158.47
158.66 161.5
161.74 163.47
163.66 165.55
165.78 167.34
167.38 170.51
170.7 174.55