1.13 3.18
3.41 4.65
4.93 6.9
7.05 9.86
10.33 12.81
13.01 14.3
14.69 16.37
16.65 18.14
18.33 20.33
20.57 23.46
23.57 25.14
25.37 26.78
26.89 28.54
28.73 31.3
31.41 33.01
33.29 35.61
37.01 39.3
39.53 40.86
42.21 43.57
43.73 45.38
45.57 47.06
47.21 48.21
49.09 53.14
81.41 83.01
83.25 84.74
84.89 86.22
86.41 88.89
89.29 90.69
90.81 91.97
93.29 95.02
95.93 97.01
98.45 99.5
99.77 102.01
102.13 103.73
103.81 104.81
104.93 107.41
107.61 108.9
109.49 110.54
111.09 112.42
112.77 113.77
113.93 116.09
116.33 117.46
117.93 118.93
119.01 120.22
120.45 121.5
122.21 123.58
123.69 125.09
125.13 126.21
126.29 127.29
130.13 132.45
132.65 134.3
136.05 137.21
137.45 138.74
139.33 141.06
141.29 142.34
143.29 145.21
154.45 155.45
157.81 158.94
159.29 161.26
162.21 163.34
164.17 165.58
166.49 167.49
167.53 169.45
172.65 173.73
173.85 175.26
176.61 177.61
177.65 178.73
180.73 182.05
182.21 183.34
183.85 185.14
185.29 189.34
190.33 191.74
191.97 193.1
193.37 194.45
194.53 195.53
195.73 197.33
197.53 199.29
199.53 201.02
201.21 202.21
203.21 204.21
219.73 221.17
221.33 222.69
222.73 224.02
224.21 225.5
225.73 226.89
227.77 229.34
229.57 231.06
231.29 232.18
232.25 233.25
233.41 235.01
235.09 236.45
236.53 237.53
237.69 239.98
252.61 254.18
254.41 256.38
256.45 257.45
257.73 260.02
260.25 262.33
262.41 263.41
263.57 265.33
265.41 267.14
267.37 269.61