0.24 2.24
2.64 3.64
3.76 6.41
6.64 8.45
8.72 10.45
10.64 12.56
12.72 14.8
15.04 17.81
17.96 20.28
20.8 23.08
23.28 24.49
24.72 26.72
26.8 28.48
28.72 30.69
30.96 34.09
34.32 37.08
38.84 41.84
43.12 44.33
47.76 49.21
49.44 51.41
51.6 52.89
53.12 55.85
56.08 58.08
58.24 59.4
59.48 60.6
60.68 63.37
63.6 66
68.28 70.89
79.88 81.01
84.2 85.56
86 88.48
88.84 90.6
90.84 92.25
98.4 100.77
100.88 102.64
104.32 106.61
107.36 108.93
109.2 110.25
110.72 112.17
114.32 116.45
116.68 119
119.24 121.32
124.08 125.32
126.04 129.96
130.2 131.76
131.88 132.96
133.04 134.64
134.68 135.97
136.2 138.52
138.76 140.44
140.6 141.73
141.88 142.96
143 144.57
146.28 147.28
147.44 149.81
150.04 151.33
151.44 154.65
154.88 156.01
156.08 157.13