10.16 11.89
13.88 14.93
15 16.21
16.52 19.84
20.04 23.89
24.16 26.08
27.16 29.4
44.2 45.48
45.68 46.73
46.84 47.92
48.16 49.4
52.44 53.44
53.68 55.44
63.72 65.45
65.56 66.61
68.24 69.32
70.16 71.32
71.84 73.49
73.64 74.64
75.04 76.28
76.4 78.16
78.56 79.48
79.64 80.64
82.28 84.52
84.8 87.2
87.44 88.44
88.6 90.33
90.6 92.49
92.68 94.81
95.32 97.29
97.56 99.72
99.96 103.85
104.08 105.81
106.04 107.53
107.76 109.84
110 112.48
114 116.53
116.68 117.68
117.96 120.64
120.92 122.16
122.36 123.49
123.72 124.72
124.8 126.21
126.44 128.36
128.52 129.52
129.8 131.16
131.32 132.76
133 135.53
135.72 137.16
137.44 139.44
139.6 142.08
142.88 143.88
144.24 147.01
147.28 150.6
150.76 152.2
152.32 153.73
154 155.13
155.36 156.93
157.16 159.37
159.56 163.61
165.12 166.25
166.48 168.56
168.84 171.21
171.4 172.4
172.48 173.48
173.6 174.6
175.04 177.88
178.12 179.45
179.68 180.68
180.84 182.49
182.72 185.04
185.32 187.05
187.36 188.36
192 193.45
193.68 195.76
196.04 200.92
206.52 208.12
208.72 210.4
212.48 214.16
219.36 220.36
228.92 230.6
231.2 233.44
233.64 236.61
236.84 239.68
240.48 242.16
242.6 243.97
244.2 246.81
247.32 248.37
248.6 251.6
251.88 255.8
256 258.32
258.6 261.73
261.88 266.97
267.2 269.49
271.64 272.61
272.68 274.65
274.88 276.32
276.52 279.17
279.36 281.81