3.74 5.34
5.58 7.47
7.7 10.78
15.7 16.7
16.94 18.1
19.1 21.63
22.14 25.14
25.42 26.5
26.74 28.79
30.1 31.1
31.42 33.63
36.7 38.03
48.9 50.03
50.26 53.07
53.3 56.14
56.34 59.55
59.82 61.15
61.38 62.98
63.1 65.99
66.22 67.55
68.42 70.34
70.54 72.07
72.34 74.5
76.22 78.19
79.26 81.18
84.9 87.03
91.3 92.3
92.38 93.38
93.54 94.54
97.42 99.02
104.02 105.07
105.3 106.59
111.62 112.62
115.26 116.26
121.22 123.7
124.34 125.58
125.82 127.47
127.62 129.38
129.42 131.07
131.18 132.5
132.54 135.83
137.5 139.82
139.98 140.98
141.14 143.75
143.98 145.27
145.54 147.75
147.86 149.27
149.54 150.54
150.74 152.31
152.5 154.3
154.54 155.95
157.54 158.54
158.62 159.99
169.34 170.94
171.14 172.14
172.26 173.26
174.54 176.43
176.62 177.86
178.1 179.94
180.06 181.19
184.06 185.95
186.14 188.38
194.46 196.38
197.74 199.39
199.62 201.35
201.5 203.47
208.58 211.19
211.42 213.99