4.1 6.07
6.14 9.03
9.94 11.27
11.46 12.95
13.14 15.22
15.42 19.43
19.66 22.27
22.38 24.27
24.5 27.63
29.7 32.35
32.58 34.11
34.62 37.3
38.18 40.26
40.38 42.62
42.78 43.78
44.02 45.02
45.18 46.83
47.1 48.67
49.14 51.03
51.26 52.91
53.14 55.06
55.3 57.11
57.3 59.3
59.54 61.14
66.14 68.46
73.98 75.11
76.34 77.78
77.98 81.51
81.74 84.35
84.54 86.27
86.38 88.27
88.5 89.74
89.82 91.42
92.34 93.34
93.5 95.03
95.26 97.34
97.54 98.86
98.9 100.34
100.54 102.51
102.78 104.83
105.02 107.18
107.38 108.62
108.74 111.87
112.02 113.35
119.42 120.71