13.63 15.15
16.31 18.63
19.99 21.15
21.39 23.71
23.99 26.31
26.51 28.11
28.23 30.47
30.71 31.76
31.83 33.75
33.99 36.99
37.19 39.11
39.23 42.47
42.67 45.07
45.19 47.51
47.71 50.08
50.35 53.59
53.83 54.83
54.87 55.99
56.03 57.48
57.67 59
59.19 61.03
61.67 62.96
65.67 66.67
66.87 69.19
69.87 72.87
73.07 75.96
77.19 79.96
80.59 81.72
84.75 86.27
86.31 88.39
88.59 90.32
90.43 91.79
92.15 93.52
93.59 94.67
95.23 96.72
98.07 99.15
99.23 101.88
117.59 120.12
120.35 121.59
121.79 125.79
126.63 128.92
129.11 131.72
131.87 134.24
134.43 137.4
137.59 141.12
145.31 146.91
147.11 148.71
148.95 150.75
151.83 153.91
154.95 156.36
156.63 159.2
159.43 162.4
162.63 164.23
164.47 165.87
165.99 167.15
167.43 168.64
168.79 170.03
170.31 173.68
173.91 177.36
177.59 178.8
179.63 181.95