0.69 3.34
3.81 4.81
4.93 6.14
6.37 9.42
10.13 12.5
12.73 13.97
14.09 15.17
15.25 16.62
18.41 20.22
22.09 23.5
23.73 24.81
26.45 28.65
37.25 38.66
38.77 39.85
39.93 41.3
41.49 42.97
43.09 44.17
44.25 45.25
45.33 46.38
46.93 49.74
50.09 52.09
52.13 54.26
54.49 56.13
56.29 58.61
58.81 61.13
61.37 63.77
63.97 65.33
65.93 67.22
67.45 68.89
69.17 70.38
70.61 73.26
73.49 75.3
75.49 76.65
76.81 77.97
78.01 79.06
79.13 80.46
80.85 82.58
82.85 84.3
84.45 86.37
86.61 87.61
87.73 89.54
90.85 92.61
92.85 94.53
94.89 97.89
103.61 106.09
106.45 109.34
113.97 116.54
116.77 118.01
118.17 120.9
121.13 122.97
123.21 125.29
125.53 126.89
126.97 128.1
128.17 129.82
130.05 132.5
140.01 141.09
141.17 142.98
143.13 144.34
144.57 145.62
145.69 147.42
148.17 149.33
149.89 151.54
151.97 155.21
155.41 157.49
157.65 159.57
159.81 161.54
161.81 162.97
163.21 164.34
164.57 165.89
166.01 167.17
167.69 169.14