44.29 45.34
45.45 46.58
46.65 48.29
55.33 56.49
64.37 66.94
82.73 85.86
99.01 100.58
100.77 101.77
109.37 111.82
115.17 116.17
116.53 118.82
120.49 121.49
124.17 125.22
125.33 127.86
147.45 149.29
159.17 160.41
160.77 162.82
163.05 164.49
164.73 167.97
168.25 169.69
171.33 172.62
172.81 175.05
175.49 177.38
177.61 180.58
180.85 183.62
183.77 184.82
185.33 187.78
193.97 196.66
196.85 197.93
198.01 199.22
199.49 201.09
201.37 202.37
202.97 204.26
204.37 205.97
206.21 207.66
207.85 210.58
210.81 211.81
212.05 213.81
214.05 215.86
216.05 218.7
218.97 221.66
222.37 224.66
224.89 226.13
226.21 227.81
228.05 229.65
229.89 230.97
231.05 232.26
232.53 234.58
234.81 237.62
237.73 239.65
239.89 240.94
241.17 242.66
242.89 244.49
252.57 254.25
254.49 256.86
257.09 258.14
258.37 261.06