1.17 2.37
3.53 5.18
5.53 9.14
9.37 10.73
10.97 12.17
12.21 13.21
13.45 15.18
15.37 16.45
16.65 17.89
18.13 21.1
21.33 22.69
22.85 24.61
24.85 26.37
26.57 28.54
28.73 30.49
30.73 31.97
32.25 35.3
35.41 37.57
37.73 40.05
40.33 44.73
49.37 52.34
54.93 56.17
56.33 57.82
58.05 60.42
60.69 61.98
62.09 63.93
64.45 66.53
66.69 69.45
69.73 71.38
73.05 74.78
75.01 76.01
76.13 77.13
77.25 78.77
79.05 83.58
86.61 88.74
88.97 90.89
92.45 94.29
94.53 96.5
96.65 98.22
98.77 101.42
101.97 104.18
104.45 105.69
105.93 107.01
109.97 113.61
113.81 115.02
115.29 117.21
117.45 120.74
121.49 123.81
124.09 127.94
129.01 134.14
134.33 136.01
136.13 137.18
137.69 139.5
140.09 141.58
141.65 143.17
144.01 145.85
146.09 147.93
148.25 150.98
151.17 154.78
155.01 156.22
156.45 157.58
157.77 158.93
159.13 160.21
160.37 161.94
162.13 163.65
163.81 164.94
167.65 168.78
168.85 171.06
171.65 172.94
173.01 174.22
174.37 175.61
175.65 178.1
178.61 179.77
180.01 182.41
182.69 185.22
185.37 187.45
187.69 189.22
189.53 191.9
192.13 194.42
194.65 196.46
196.69 198.98
199.25 201.01
201.25 202.37
202.41 203.85
204.09 205.5
205.73 207.02
207.17 209.65
209.93 210.93
211.01 213.54
213.73 216.97
218.57 220.94
221.53 223.26
223.49 225.57
225.65 226.7
230.45 231.9
234.17 236.49
236.73 240.42
246.21 248.34
248.57 250.46
250.65 252.3
252.49 254.3
254.49 256.17
256.33 257.33
257.41 259.41