6.65 8.02
8.25 9.33
9.57 10.57
17.01 19.09
19.25 22.09
22.33 23.41
23.49 25.86
26.29 29.37
29.61 31.29
31.53 33.13
33.33 34.54
34.77 36.77
36.97 38.65
38.97 39.97
40.09 41.17
41.29 42.45
44.57 47.3
47.53 49.45
49.73 50.78
50.85 51.82
51.97 53.02
53.09 54.09
54.25 55.38
55.57 57.17
59.41 60.98
61.21 63.86
64.45 65.69
66.25 67.33
67.53 69.74
69.89 71.89
72.17 75.38
75.53 77.58
77.81 79.89
81.01 84.49
85.61 88.22
89.69 91.09
91.13 92.57
92.73 93.86
94.01 95.85
96.09 98.7
100.17 101.61
101.77 103.53
103.73 105.3
105.53 107.02
107.29 108.58
108.81 110.7
110.81 111.89
112.17 114.38
114.61 116.85
117.13 119.05
119.17 120.45
120.57 121.57
121.65 123.25
123.33 124.69
124.81 128.05
128.29 130.74
130.89 131.94
132.09 133.42
134.13 135.13
135.21 136.61
136.85 139.22
144.77 145.81
146.01 147.09
147.21 148.73
148.89 150.89