0.44 1.44
1.6 3.84
4.08 5.73
6.24 7.89
8.12 10.01
13.84 16.32
16.44 17.85
17.96 19.32
21.28 23.01
23.28 25.65
25.8 27.37
29.16 30.37
30.48 31.53
31.68 33
33.08 35.53
37.88 40.41
51.28 53.85
55.68 57.05
57.48 58.69
60.96 62.09
64 65.05
67.2 68.28
70.92 71.92
72.16 73.52
73.72 74.96
75.2 76.93
85.56 86.56
88.12 89.12
99.32 100.61
100.84 102.08
102.32 103.89
108 109.13
111.04 112.04
112.2 113.8
117.32 118.68
118.76 119.76
120.08 121.08
132.16 133.92
142.84 145.49
151.6 152.65
155 156.52
156.76 159
159.12 160.17
160.68 162.05
162.32 164.97
165.08 167.21
167.92 170.05