11.39 12.44
12.51 13.51
14.23 15.68
15.95 17.68
17.95 19.15
19.19 21
21.19 23.03
23.27 26.08
26.31 28.52
32.07 33.91
34.15 35.88
36.07 37.36
37.51 41.15
45.83 46.88
48.07 49.4
53.23 54.28
54.87 55.95
56.95 58.52
58.63 60.07
62.23 64.28
64.63 66.6
66.87 67.87
69.67 71.75
71.99 73.2
73.39 74.44
74.71 76.36
76.59 77.8
78.03 79.03
79.19 81.48
81.71 85.6
85.83 87.91
90.71 94.43
94.63 98.27
101.99 102.99
103.23 105.12
105.31 107.47
108.07 110.12
113.71 114.76
116.11 117.64
121.47 122.47
134.27 135.48
135.63 136.92
137.15 139.63
139.83 142.36
143.63 145.47
145.67 146.67
147.07 149.84
150.59 153.12
153.23 154.96
155.15 157.28
157.71 159.84
160.71 162.95
163.19 165.4
165.55 167.63
179.07 181.52
181.71 185.68
186.95 188.87
189.03 190.52
190.79 192.23
192.47 193.52
193.79 196.19
196.39 197.68
197.79 199.55
202.59 203.75
204.27 205.56
208.03 209.4
214.79 215.84
215.91 220.07
220.31 221.55
221.75 222.99
223.23 225.47
225.63 227.28
227.47 228.47
228.51 230.31
230.39 231.39
231.59 233.03
233.19 235.48
236.75 238.59
238.79 242.08
242.27 244.59
244.99 246.8
247.03 248.52
248.67 250.08
250.83 252.11
252.75 255.91
264.43 265.8
266.35 268.11
268.23 270.28
270.47 272.28
272.43 274
274.23 276.47
276.75 279.12
279.31 280.52
280.79 282.68
282.83 284.48
284.71 286.36
286.55 288.79
289.03 291.8