1.78 4.18
4.38 6.67
6.9 9.06
9.22 10.98
11.22 14.54
14.82 16.9
17.1 19.23
19.42 22.66
23.9 27.06
27.3 31.22
31.5 35.71
35.9 39.51
40.42 43.39
43.9 48.11
48.3 52.22
52.42 56.06
58.1 59.86
60.42 61.91
62.26 64.15
64.74 66.23
66.38 68.03
68.94 70.43
70.62 72.06
74.66 76.34
82.42 83.75
83.9 85.79
86.02 89.99
90.18 94.15
94.34 98.55
98.82 102.22
102.46 106.1
106.3 110.27
110.5 112.07
112.3 114.19
115.46 117.86
118.78 122.79
122.98 127.19
127.38 132.18
132.86 139.95
141.34 148.75
148.98 153.03
153.74 155.58
156.18 157.75
157.86 159.62
160.34 161.91
162.06 163.98
164.54 166.14
166.26 168.63
175.7 176.7
179.18 180.59
182.02 183.02
186.94 190.87
195.22 202.5
203.22 206.91
207.78 209.78
210.26 211.83
211.98 214.06
214.42 215.99
216.26 218.15
218.58 220.18
220.38 221.91
224.26 228.98