1.28 2.33
2.48 4.05
4.2 6.52
6.76 7.81
7.96 9.04
9.28 11.04
11.48 13.45
13.6 15.89
16.16 17.97
19.24 21.05
23.28 24.73
24.96 27.36
27.52 28.73
28.84 30.6
31.08 33.05
33.28 34.73
34.88 36.48
36.88 38.32
39.6 41.2
47.76 48.97
49.32 50.76
50.92 52.44
53 55.29
55.52 56.72
56.88 57.88
57.96 60.57
87.64 90.61
90.84 94.05
94.28 96.85
97.12 98.77
98.96 102.36
102.6 104.6
104.84 106.17
108.8 110.32
110.44 111.85
112.08 113.4
113.56 114.8
114.88 118.49
118.68 120.17
120.36 121.88
122.12 124.04
124.92 126.81
127.32 128.81
128.92 130.65
131.24 133.37
133.6 135.2
135.28 137.57
137.88 139.48
139.68 141.2