2.14 3.43
3.62 5.07
5.3 6.43
6.54 7.59
7.74 11.19
11.26 12.31
12.54 14.43
14.62 15.67
15.82 17.95
18.42 20.74
21.02 23.42
23.66 24.95
25.18 26.18
26.42 27.5
27.58 28.66
28.86 29.86
30.02 31.78
31.94 32.94
33.02 34.43
34.7 37.27
37.38 38.71
38.94 40.15
40.38 41.79
41.98 44.95
45.18 46.99
47.22 49.87
50.1 51.1
51.22 52.27
52.34 53.58
53.7 55.58
55.7 56.78
56.9 57.9
57.98 59.06
59.14 60.46
60.54 62.22
62.46 64.67
64.94 67.47
67.7 69.42
69.62 72.15
74.54 76.75
77.46 78.46
78.58 79.91
83.98 84.98
85.1 86.75
87.5 89.39
89.78 91.86
92.02 93.26
93.82 94.98
95.26 96.39
96.62 98.19
98.66 100.58
103.7 104.7