5.51 6.51
8.31 10.6
12.43 15
16.63 18.79
19.43 23.56
23.95 27.4
27.71 29.71
29.91 31.99
32.15 33.72
33.83 35.83
37.99 40.07
40.15 42.15
45.67 52.28
53.15 56.36
56.75 60.52
60.63 62.63
62.95 65.08
65.19 69.43
69.63 73
73.15 75.2
75.31 77.23
77.43 81.8
81.99 85.55
87.39 89.39
89.79 90.87
91.51 93.48
93.95 95.31
95.71 97.79
98.31 99.88
99.95 102.19
104.03 110.68
111.99 118.64
119.87 123.59
135.43 137.03
137.67 139.32
139.39 140.8
141.87 143.52
143.59 145.64
145.87 147.6
147.67 149.91
151.87 155.8
156.55 160.19
160.39 162.79