2.58 5.31
5.5 7.98
8.14 9.22
9.34 10.63
10.86 12.91
13.14 14.19
14.26 16.34
19.46 20.51
20.78 21.91
22.14 23.22
23.3 24.42
24.58 25.79
25.98 27.03
27.26 28.26
28.5 29.74
29.98 31.18
31.26 32.58
39.94 40.94
49.34 50.34
50.58 52.31
53.7 54.7
54.82 55.9
56.34 57.47
57.86 58.86
59.02 60.99
61.18 64.1
64.34 65.71
65.86 67.15
67.3 69.59
69.7 72.54
72.78 74.19
74.58 76.23
76.7 80.15
80.38 82.06
82.22 85.22
85.38 87.38
87.54 89.14
89.38 90.67
90.86 92.54
92.78 95.59
96.9 98.71
98.98 100.46
100.66 103.14
103.5 105.34
117.86 119.75
119.98 121.74
126.38 127.38
128.1 129.91
132.26 135.1
135.94 138.51
138.74 141.5
141.66 143.39
143.98 145.06
146.18 147.18
147.26 148.59
149.14 150.35
150.42 151.42
151.7 154.54
154.78 155.78
155.94 157.67
159.78 163.55
163.78 166.15
166.3 167.63
169.14 171.83
172.1 175.26
175.46 176.59
176.9 177.98
178.22 179.38
179.54 180.62
180.82 182.58
183.22 185.87
186.1 188.39
188.82 190.66
190.9 192.82
193.06 195.83
196.06 198.54
199.34 200.34
200.98 202.11
202.38 203.98
205.26 206.34
206.46 207.46
208.74 212.27
212.5 214.07
214.3 215.43
215.58 217.66
217.94 220.34
220.54 222.54
222.82 224.03
224.14 225.55
229.74 232.43
232.7 234.7
234.94 236.02
293.86 294.91
295.18 297.02
299.5 300.5
302.18 303.18