1.25 3.78
18.41 19.46
30.85 32.61
48.73 49.86
50.05 51.29
51.53 53.66
53.81 55.62
55.85 57.66
57.85 60.66
60.93 62.34
66.77 69.14
71.89 72.97
74.37 75.73
76.01 77.06
77.13 78.18
78.29 79.42
79.65 80.81
80.89 82.05
82.13 85.85
86.13 87.34
87.49 88.98
89.33 91.09
91.49 92.49
92.69 95.85
96.85 97.66
97.85 98.85
99.05 102.05
102.29 104.5
104.77 106.69
109.25 111.41
111.85 112.82
112.93 114.53
114.93 116.66
116.85 118.21
118.49 120.17
120.37 121.73
121.97 123.13
124.97 126.26
126.49 128.65
128.77 129.9
130.17 131.41
131.57 132.73
134.53 136.53
136.73 138.65
138.69 142.38
142.61 145.9
146.13 147.13
147.25 149.25
149.49 151.25
151.93 154.17
154.37 157.42
157.61 160.77
162.85 164.61
164.77 165.9
165.97 167.86
167.97 169.73
169.93 172.06
172.61 173.9
179.89 181.42
181.65 183.57
183.81 186.46
186.73 189.1
189.33 190.98
191.13 193.26
193.53 196.21
196.45 199.26
199.53 201.13
201.33 203.9
204.17 205.17
205.25 206.38
206.45 208.74
208.93 210.3
210.53 212.29
212.45 213.66
213.89 215.94
216.17 219.33
219.81 221.33
221.37 224.29
224.53 225.82
225.97 227.46
227.69 229.98
231.37 232.5
232.77 233.77
233.89 234.89