0.17 2.35
2.40 4.92
5.56 7.34
7.85 9.63
10.03 12.44
12.46 14.52
15.24 17.71
17.95 20.89
21.18 22.68
23.47 24.30
24.49 26.43
26.57 29.08
29.84 34.76
35.18 36.48
38.04 42.00
43.08 45.55
46.09 47.05
47.20 51.32
51.36 53.96
54.22 56.78
58.17 60.89
61.24 62.03
62.57 64.06
64.83 67.98
68.08 71.28
71.92 74.56
75.00 76.40
76.51 78.33
78.36 80.73
81.07 83.71
84.30 87.07
87.39 89.85
90.27 93.84
94.20 95.52
96.04 98.67
98.81 102.22
102.78 105.20
106.91 108.80
108.88 110.38
110.72 113.60
114.40 116.65
116.65 118.32
119.05 123.48
123.79 124.92
125.61 130.06
130.84 133.13
133.92 136.19
136.73 138.94
139.42 140.20
140.54 143.36
143.64 145.90
146.73 150.25
150.91 152.30
152.54 153.76
154.04 156.91
157.31 159.87
160.22 164.68
165.20 167.23
167.39 169.00
169.20 170.11
171.00 173.82
174.19 177.02
177.52 179.16
179.52 181.87
183.12 185.53
186.06 188.20
188.60 190.67
191.00 193.79
194.80 198.46
198.73 201.16
201.44 203.00
203.47 205.40
205.77 208.22
209.50 213.20
214.16 215.60
215.84 217.44
218.35 219.87
220.08 223.10
223.74 227.18
227.55 230.33
231.93 233.50
233.82 235.60
236.24 237.21
237.88 238.59
239.02 241.02
241.64 245.32
245.92 247.98
249.02 252.25
252.83 255.05
255.31 258.40
259.05 260.48
260.86 263.07
263.68 266.84
267.26 268.84
270.43 273.26
274.19 277.07
277.34 284.46
285.05 286.08
286.41 289.66
290.25 294.32
294.89 296.51
296.64 297.93
298.32 300.03
300.20 302.60
303.28 305.20
305.58 309.36
309.84 312.22
312.44 313.85
314.17 315.36
315.55 316.99
317.20 318.20
318.48 321.48
321.82 326.24
327.93 331.07
331.53 333.63
333.92 338.65
338.97 341.88
342.25 344.22
344.44 346.38
346.68 350.59
351.48 353.79
354.16 356.49
356.91 360.16
361.66 364.30
364.52 365.42
365.69 367.13
367.29 370.33
371.16 374.56
375.85 378.01
378.38 379.23
379.95 382.54
382.75 386.27
386.54 388.81
389.23 392.73
393.16 394.92
395.84 398.11
398.43 403.23
404.54 405.82
406.04 407.45
407.58 409.45