0.48 2.64
2.64 3.72
4.03 5.00
6.19 10.33
11.12 13.87
14.36 15.26
15.92 17.37
17.79 18.56
19.26 21.36
22.33 26.28
26.51 29.04
29.58 35.60
36.83 38.40
39.00 40.83
41.24 44.19
45.15 46.94
47.74 50.36
52.24 56.94
57.29 57.95
59.16 60.03
60.83 63.44
63.96 65.47
66.33 69.13
70.03 73.16
73.98 76.59
76.91 78.36
79.45 80.27
80.73 81.26
81.63 83.26
83.82 88.01
88.62 89.88
90.27 92.56
93.68 101.39
103.23 105.93
108.11 111.79
113.10 115.53
115.74 117.53
118.75 121.87
122.70 125.79
126.89 127.63
127.92 129.12
129.34 130.32
131.07 133.84
134.49 138.22
139.29 141.71
143.02 145.10
145.24 149.56
149.74 151.77
153.24 154.73
155.12 158.62
159.07 164.06
165.00 167.02
168.78 170.19
170.68 172.89
173.15 174.43
175.23 178.30
178.62 180.03
180.43 182.78
183.90 184.81
185.10 188.52
188.94 192.97
193.64 196.35
196.80 198.65
199.04 200.40
200.75 203.45
205.02 206.38
206.84 210.08
210.59 212.30
212.81 215.96
216.00 219.53
219.92 222.43
223.71 224.57
225.00 226.38
226.86 229.07
229.44 230.57
230.94 232.88
233.61 236.97
237.42 240.19
242.72 248.68
250.28 252.19
252.22 254.28
254.67 258.17
258.35 261.10
262.11 265.90
266.46 267.80
268.09 269.00
269.31 271.05
271.18 273.05
274.28 277.50
277.68 279.61
280.16 282.04
282.56 285.44
285.95 289.40