0.33 2.92
3.50 6.03
6.62 9.00
9.34 12.78
13.96 16.36
16.81 19.52
21.28 23.71
24.22 25.72
26.41 29.08
30.62 32.54
33.24 34.25
35.00 38.38
40.20 41.69
42.65 44.32
44.75 45.31
46.24 49.39
49.76 52.08
52.27 55.18
55.93 57.16
57.21 59.69
59.96 61.34
61.72 63.36
63.71 65.34
66.04 67.02
67.60 68.73
69.15 72.20
72.59 73.16
73.77 75.16
75.96 76.84
78.30 80.92
81.29 83.60
84.28 87.45
88.06 88.97
89.20 91.20
91.64 93.74
94.46 98.32
98.72 101.42
101.77 103.32
103.47 104.96
105.23 107.71
107.80 109.53
109.56 111.00
114.04 117.69
117.88 120.86
121.64 125.53
125.82 130.67
131.84 133.93
134.14 136.04
136.30 139.02
139.13 140.78
141.15 143.28
143.45 146.16
147.44 151.79
151.98 153.69
154.51 156.59
157.63 161.29
161.36 162.35
163.37 166.44
166.91 169.36
169.68 171.77
172.27 174.60
176.35 178.81
179.21 180.30
181.08 183.76
183.93 186.81
187.60 189.10
190.36 191.23
191.68 193.87
195.23 197.69
198.56 201.29
202.04 204.27
204.76 206.49
206.78 209.02
209.36 211.53
212.60 213.42
213.66 218.60
218.89 221.00
221.58 225.10
226.32 228.48
229.87 231.05
231.72 232.46
233.21 234.17
234.67 236.35
236.62 238.51
239.20 241.37
241.90 244.92
245.04 246.83
247.08 249.74
249.96 252.35
252.97 254.89
255.40 256.43
256.86 259.12
259.96 262.46
262.88 265.26
265.68 268.11
268.48 271.76
271.98 275.05
275.24 277.16
278.97 285.39
286.04 287.61
287.98 290.56
290.81 297.77
298.52 301.10
301.52 305.76
306.11 310.08