0.17 2.06
2.32 4.57
5.23 5.85
6.17 6.64
7.02 7.63
7.84 8.40
8.67 9.34
9.63 10.67
11.69 13.36
13.48 15.69
15.88 17.48
18.17 19.40
19.64 20.78
21.08 22.11
22.38 23.72
24.96 25.92
26.16 27.88
28.03 29.68
29.76 30.46
30.59 32.03
33.05 34.32
34.46 35.28
35.37 36.64
37.00 38.38
38.73 43.39
43.82 45.26
45.69 46.65
46.94 48.24
48.36 49.08
50.43 53.95
55.61 58.35
58.68 61.47
62.09 67.48
67.88 69.93
69.98 71.55
72.25 73.47
73.77 75.21
75.66 76.92
77.10 79.40
79.66 81.44
82.03 84.65
85.12 85.87
85.96 87.44
88.94 90.49
91.04 93.93
94.80 96.25
99.50 102.28
102.75 104.80
105.13 107.69
108.00 110.43
110.73 114.17
115.04 117.42
117.56 121.93
122.68 124.70
124.81 126.70
127.37 129.80
130.49 132.00
132.28 134.84
135.53 138.22
138.56 139.40
140.80 143.88
144.24 144.99
145.58 148.44
149.13 150.12
150.32 151.80
152.17 158.16
159.64 161.69
162.72 164.70
165.34 166.97
167.10 168.51
168.96 171.85
172.73 173.92
174.20 175.00
175.40 179.72
180.04 182.94
185.00 186.91
187.39 189.98
190.65 193.21
193.23 197.10
197.93 200.33
201.53 203.29
203.34 205.61
206.33 208.04
208.17 209.79
210.20 212.94
213.66 215.98
217.05 220.17
220.43 225.00
225.66 227.96
228.65 232.12
232.43 234.80
238.11 241.53
242.84 247.69
248.28 251.13
252.16 254.14
254.35 255.76
256.40 258.52
258.94 263.07
263.50 265.77
266.88 269.39
269.68 271.85
274.08 276.33
277.07 280.32
281.07 283.61
283.76 285.90
286.88 287.60
288.40 291.72
292.38 294.36
294.76 297.87
298.41 300.03
300.11 302.96