0.40 3.39
3.66 5.12
5.87 8.46
8.75 10.01
10.33 11.72
12.57 14.56
15.82 18.30
18.46 21.16
22.40 24.32
24.65 26.36
27.15 29.85
29.95 30.57
31.26 34.12
34.67 39.26
39.84 42.36
42.57 44.36
44.60 46.70
48.00 49.24
49.39 51.10
52.33 55.85
56.44 57.82
59.20 61.16
61.61 63.66
64.36 69.82
70.48 73.60
74.06 76.08
76.68 77.36
77.56 78.94
79.16 81.16
82.22 84.11
84.54 86.28
86.60 87.21
88.19 88.67
88.91 90.75
91.04 94.20
95.31 99.26
99.88 104.78
104.78 106.14
106.89 107.82
108.11 110.97
112.14 112.65
113.13 115.12
116.40 118.06
118.24 120.86
121.32 121.95
122.22 122.86
123.07 124.43
124.94 126.08
126.46 127.92
128.57 130.62
130.84 132.25
132.78 135.92
137.68 140.41
141.10 143.63
144.49 147.48
148.19 151.04
152.76 156.89
158.17 159.96
160.72 163.10
163.18 164.22
164.49 165.85
166.86 169.96
170.33 171.88
172.08 174.64
175.82 177.87
178.64 181.40
182.36 183.68
184.06 185.32
185.77 187.76
188.48 190.36
190.64 194.19
194.81 197.64
198.00 199.85
200.84 203.88
205.98 208.51
208.89 209.47
210.19 211.31
211.53 212.54
213.18 214.91
216.01 217.18
217.40 220.89
222.01 227.31
227.48 229.08
231.08 234.67
235.36 236.12
236.30 237.85
238.14 242.24
243.04 245.95
247.12 250.38
250.81 254.24
254.36 257.47
258.64 260.89
261.74 264.20
265.32 269.00
269.96 272.44
275.16 278.48
279.42 284.78
285.15 287.77
288.51 290.51
290.88 293.13
293.52 298.36