0.22 4.38
4.94 8.48
8.80 10.03
11.71 13.16
13.34 15.37
15.80 16.60
17.34 19.29
20.16 22.40
22.57 25.93
26.44 28.17
29.85 32.32
32.78 34.59
34.89 36.88
38.11 42.04
42.52 46.49
47.12 48.22
49.42 52.51
52.67 55.72
56.04 56.96
57.60 61.10
61.61 65.60
66.08 66.94
67.15 70.28
71.50 72.62
73.56 75.21
75.40 78.22
78.60 79.69
80.00 81.85
82.94 85.66
85.82 86.84
87.18 90.44
91.39 92.67
92.97 93.82
94.17 95.37
95.96 98.60
99.37 102.46
102.76 103.84
104.44 108.27
109.48 112.35
112.56 114.59
115.02 116.72
116.84 118.46
119.88 122.96
123.53 124.60
125.58 128.64
128.97 130.96
131.34 132.99
133.28 136.33
136.81 138.43
138.89 139.76
140.12 144.36
146.59 149.28
149.53 151.76
152.04 153.07
153.50 156.56
157.05 158.68
159.69 162.97
163.32 165.82
166.86 170.09
170.64 172.14
172.51 176.14
177.20 178.96
179.40 181.48
183.12 186.67
187.05 188.57
189.04 190.64
190.99 196.97
197.53 200.28
201.23 204.59
204.78 207.37
209.52 212.28
212.56 213.45
214.67 217.58
217.74 219.26
219.82 222.43
223.31 225.23
225.58 228.73
229.93 231.68
231.98 236.81
237.45 241.44
242.04 244.86
245.31 246.06
246.36 249.96
250.48 254.20
254.68 255.16
255.44 257.55
258.72 260.01
260.30 262.84
263.66 266.59
267.04 268.01
268.73 271.55
272.04 274.25
274.81 276.16
276.27 277.92
278.52 283.44
284.27 286.57
286.70 288.96
289.56 291.44
292.14 296.70
297.60 299.48
299.71 303.05
303.26 304.24
304.62 307.10
307.10 308.97