0.28 3.60
3.60 5.48
5.60 6.35
7.21 9.60
10.44 12.08
12.43 16.24
17.12 20.52
20.73 23.90
24.12 27.36
27.71 28.99
29.84 33.36
33.80 36.19
36.83 39.00
39.20 41.37
43.47 47.08
48.32 50.33
50.76 52.67
53.00 54.32
54.67 55.42
56.14 58.76
58.99 60.94
61.20 63.28
64.54 66.97
66.97 68.97
69.82 72.59
74.04 75.64
75.74 77.07
77.28 77.95
78.48 80.88
81.80 85.93
86.32 87.37
88.08 92.68
93.26 96.67
97.61 103.48
104.17 106.03
106.43 108.91
109.85 112.68
113.31 116.62
117.15 119.68
120.48 122.12
122.73 125.29
125.85 128.06
128.35 129.42
130.08 132.78
133.13 135.50
135.66 137.07
137.26 139.32
140.12 141.84
142.22 143.74
144.09 146.20
146.35 147.36
148.52 150.73
151.60 153.61
154.17 156.48
156.89 160.19
160.59 164.73
165.07 168.04
169.39 171.26
171.80 175.08
176.27 178.72
178.86 181.44
181.61 183.05
183.95 187.72
188.12 188.91
189.16 192.11
192.35 195.76
196.89 199.52
199.71 201.29
202.24 205.36
205.93 209.00
210.03 213.69
214.81 216.24
216.36 218.03
218.57 221.95
223.36 224.80
225.10 225.88
226.30 228.57
228.81 230.08
231.23 232.44
232.56 234.30
235.18 237.50
237.76 239.08
239.32 240.64
241.37 244.19
244.48 246.43
246.43 248.43