0.17 2.46
2.67 3.93
4.11 7.45
8.19 9.53
10.01 12.57
13.31 17.02
17.20 18.41
19.29 22.43
23.31 26.38
26.83 28.59
28.97 32.70
33.07 34.78
35.64 38.22
38.65 41.31
42.67 44.08
44.43 47.42
47.82 49.47
50.84 53.36
53.60 55.32
55.74 57.28
58.38 60.73
61.28 64.04
64.36 66.59
67.48 68.40
68.86 70.00
70.64 72.14
72.36 74.22
74.97 76.30
76.84 77.58
77.92 79.77
80.19 82.51
82.94 87.08
87.66 90.38
91.47 94.27
94.62 98.20
98.36 101.10
101.79 105.90
106.28 110.60
111.87 112.51
112.96 115.68
116.20 117.74
118.01 118.84
119.53 123.85
125.23 126.72
126.96 127.82
128.28 129.93
130.70 133.29
133.96 135.05
135.15 139.10
139.40 141.10
142.33 146.27
146.88 150.75
151.77 155.80
156.41 160.20
161.05 161.85
162.09 162.94
163.44 164.96
165.15 168.48
168.72 170.36
170.72 172.62
173.90 177.84
178.54 182.06
182.32 183.88
184.33 186.60
186.91 189.16
189.74 191.60
191.74 197.07
198.92 200.65
201.47 204.83
205.20 205.87
205.95 206.78
207.18 210.36
210.44 211.55
211.55 213.12
213.48 215.40
216.20 217.55
217.74 221.12
221.53 223.13
223.16 224.40
224.57 228.14
229.02 230.57
230.70 231.72
232.16 234.76
235.10 237.76
238.72 240.20
240.36 241.68
242.04 244.56
244.86 246.56
247.77 249.53
250.78 253.48
253.55 254.06
254.83 257.13
257.96 260.48
260.70 263.16
263.93 267.56
268.24 271.69
272.32 275.37
276.59 280.38
280.54 281.98
282.33 283.96
284.22 285.74
286.65 289.84
290.09 290.84
291.56 294.38
294.65 296.20
296.64 297.53
297.92 299.04
299.82 300.60
300.81 301.50
301.96 305.60
305.98 309.52
310.06 313.44
314.12 315.85
316.30 319.55
319.92 323.52