0.10 3.24
3.24 6.72
6.72 10.60
10.60 13.20
13.20 14.84
14.84 15.52
15.52 16.60
16.60 16.96
16.96 17.28
17.28 19.56
19.56 19.80
19.80 23.40
23.40 26.12
26.12 27.40
27.40 28.24
28.24 29.96
29.96 31.60
31.60 32.60
32.60 34.00
34.00 34.44
34.44 39.32
39.32 42.96
42.96 45.48
45.48 46.04
46.04 47.16
47.16 51.16
51.16 53.16
53.16 54.84
54.84 58.32
58.32 58.84
58.84 61.28
61.28 64.44
64.44 64.52
64.52 67.12
67.12 67.68
67.68 68.40
68.40 69.20
69.20 71.08
71.08 74.52
74.52 74.80
74.80 77.44
77.44 82.32
82.32 87.44
87.44 93.96
93.96 97.36
97.36 99.12
99.12 104.08
104.08 110.80
110.80 131.60
131.60 140.44
140.44 142.04
142.04 148.92
148.92 150.64
150.64 151.36
151.36 151.64
151.64 155.48
155.48 161.76
161.76 166.28
166.28 169.40
169.40 170.60
170.60 172.04
172.04 173.40
173.40 175.68
175.68 178.04
178.04 182.88
182.88 183.64
183.64 185.88
185.88 188.64
188.64 190.28
190.28 191.64
191.64 193.88
193.88 198.88
198.88 202.80
202.80 209.12
209.12 213.12
213.12 216.56
216.56 219.08
219.08 226.60
226.60 231.56
231.56 241.56
241.56 249.16
249.16 253.12
253.12 264.84
264.84 266.88
266.88 270.08
270.08 272.68
272.68 278.92
278.92 280.40
280.40 282.36
282.36 283.00
283.00 285.76
285.76 288.84
288.84 289.08
289.08 291.40
291.40 294.80
294.80 294.84
294.84 296.60
296.60 296.88
296.88 297.32
297.32 300.32
300.32 300.68
300.68 308.56
308.56 310.56
310.56 311.44
311.44 313.68
313.68 316.00
316.00 318.68
318.68 323.24
323.24 326.32
326.32 331.60
331.60 333.92
333.92 342.04
342.04 344.72
344.72 349.88
349.88 352.08
352.08 355.56
355.56 356.16
356.16 366.88
366.88 367.80
367.80 369.08
369.08 370.04
370.04 371.76
371.76 377.72
