0.10 1.58
2.08 3.79
4.04 8.54
8.86 10.08
11.13 13.02
13.34 14.73
15.13 16.68
16.89 17.66
18.91 21.36
21.55 22.70
23.29 25.18
25.52 27.26
28.54 31.88
32.11 34.60
36.46 38.88
39.31 40.70
41.16 44.01
44.33 46.28
48.09 49.40
49.95 50.57
51.34 52.75
53.08 54.08
54.65 56.56
56.78 58.59
58.67 60.33
61.12 63.10
63.37 64.28
64.78 66.24
66.24 67.56
67.88 70.30
72.20 73.47
73.69 74.19
74.54 76.09
76.86 78.19
78.43 80.19
81.24 82.67
82.78 84.33
85.23 85.90
86.60 87.90
88.46 89.16
89.69 92.60
93.12 94.76
95.90 98.12
98.33 98.94
99.23 100.70
100.84 101.72
102.25 104.30
104.56 106.80
107.36 108.89
109.07 111.80
113.20 113.88
114.14 114.76
115.20 116.81
117.84 118.83
118.83 119.68
119.79 120.72
121.12 125.26
125.79 126.70
127.00 129.31
129.61 130.62
131.05 134.36
134.96 136.70
140.08 142.04
142.32 145.28
145.92 149.77
150.32 151.77
152.06 153.80
154.11 156.46
157.87 159.64
160.04 161.98
162.40 163.84
165.71 167.23
167.66 170.09
170.44 171.90
172.54 174.83
176.03 179.24
179.66 181.48
182.43 184.84
185.45 187.00
187.08 187.95
188.08 189.28
189.58 191.69
192.57 194.78
195.10 197.16
197.68 199.18
199.68 203.71
202.67 207.32
207.66 208.51
209.08 210.27
211.29 211.95
212.28 215.28
215.63 217.72
217.84 219.34
220.17 220.81
220.92 224.04
224.65 225.50
226.01 229.32
229.56 230.76
231.66 232.96
233.68 234.48
234.83 236.75
237.48 238.65
238.96 239.68
240.25 241.98
242.72 245.08
245.71 248.35
248.51 250.41
250.78 252.41
253.12 255.39
257.02 258.88
258.96 260.88
262.00 262.70
262.99 264.54
265.08 266.84
267.21 268.14
268.92 270.08
270.64 273.55
274.35 274.96
275.16 276.06
276.46 278.72
279.21 282.11
282.96 284.32
284.65 287.84
288.12 289.76
290.40 292.65
294.16 295.56
296.41 298.06
298.51 299.76
300.30 301.53