0.10 1.64
1.95 2.84
3.28 4.49
5.24 7.74
8.41 11.53
12.44 14.04
14.72 15.77
16.24 16.86
18.35 19.18
19.69 20.22
20.73 21.85
22.94 25.21
25.63 27.00
29.55 31.36
31.98 34.89
35.32 36.62
37.92 41.16
42.20 44.86
45.05 49.00
51.44 54.04
54.41 55.26
55.84 57.08
57.55 59.44
60.09 62.59
63.28 64.44
65.05 66.81
68.80 69.96
70.83 72.12
73.07 74.94
75.61 78.12
78.86 80.76
81.02 82.03
84.33 86.70
87.40 88.76
88.97 89.66
90.97 92.20
92.48 93.96
94.80 96.25
96.96 97.53
97.93 100.80
101.29 101.82
102.62 103.98
104.19 105.16
106.04 108.03
108.56 110.11
110.28 110.96
112.20 114.16
114.67 117.04
118.83 120.81
122.57 125.53
127.71 129.53
129.93 130.49
131.36 134.99
135.28 137.76
138.56 141.60
142.36 144.97
145.08 146.27
146.81 149.04
149.52 151.98
153.92 156.19
156.54 157.96
158.54 161.37
161.76 163.85
164.46 167.45
167.93 169.29
169.48 170.19
171.56 173.88
174.51 176.57
177.08 178.01
178.19 179.92
180.06 181.34
182.04 183.87
183.96 186.16
186.68 188.92
189.37 190.62
191.90 194.28
194.60 195.10
195.28 196.68
197.56 201.47
202.16 203.16
204.83 206.89
207.21 208.81
209.58 213.28
213.84 215.34
215.69 216.46
217.29 219.45
219.52 220.84
221.52 223.85
224.35 225.53
226.17 227.93
228.64 231.55
232.41 232.94
234.54 236.04
236.44 237.85
239.21 241.28
241.44 242.81
243.71 245.79
246.00 248.46
249.31 251.76
252.67 254.57
254.75 256.65
257.16 258.94
260.33 262.12
262.65 264.62
264.86 266.20
266.32 267.55
269.26 270.22
270.28 271.47
272.40 273.72
273.79 275.58
276.01 278.14
278.73 280.59
281.47 283.18
283.39 285.36
286.88 288.20
288.49 290.68