0.10 1.29
3.50 5.23
7.85 10.99
12.57 14.46
14.99 16.35
16.60 19.34
20.46 22.99
23.95 26.52
27.56 30.16
30.43 33.21
34.25 36.89
37.32 38.11
39.00 41.85
42.30 45.26
46.01 48.44
48.94 51.90
51.90 53.37
54.94 56.43
58.88 60.81
61.04 61.76
62.65 64.04
64.22 66.06
66.60 68.59
70.57 72.78
73.26 74.56
74.99 78.09
79.24 81.07
81.76 84.36
85.15 86.30
86.80 88.19
90.14 92.88
93.23 94.09
94.92 97.80
98.32 100.04
100.76 102.83
104.40 105.37
105.92 106.75
107.47 108.80
108.92 110.65
111.53 113.63
114.80 117.04
117.40 118.20
119.61 120.91
121.66 124.35
125.48 126.94
127.15 130.00
130.25 131.28
132.03 134.99
135.80 138.00
139.08 143.71
144.33 146.49
146.86 151.68
152.73 154.62
154.83 156.73
157.07 159.84
160.59 164.89
165.87 169.26
169.64 172.54
173.07 175.21
175.66 178.24
178.83 182.73
184.27 186.43
186.75 188.73
189.07 190.60
192.89 194.84
195.37 198.33
198.62 199.32
199.77 201.15
201.61 202.99
205.13 207.31
207.74 209.23
210.41 213.29
214.44 215.55
216.00 217.13
217.74 219.32
220.35 222.57
223.68 226.01
226.36 227.90
228.28 230.03
232.67 236.01
236.04 239.36
239.66 240.44
241.10 243.23
243.69 245.32
245.32 246.60
247.26 249.36
249.44 250.96
251.37 252.83
253.29 255.55
256.09 260.64
261.15 265.10
265.77 269.64
270.25 271.50
271.72 275.52
276.81 279.23
279.45 282.09
282.70 285.05
285.36 287.66
288.88 289.69
290.49 295.40
295.63 297.07
297.37 300.60