0.10 0.86
1.21 1.90
2.11 3.20
3.52 4.30
5.40 8.30
8.35 10.89
11.28 14.22
14.54 15.40
15.53 16.48
17.05 17.92
18.40 19.48
19.61 21.64
21.74 23.02
23.42 25.18
25.74 29.64
29.82 32.08
32.27 34.38
36.04 39.71
39.98 41.64
42.81 45.48
45.77 46.56
48.24 50.38
50.67 51.98
52.56 55.08
55.52 57.37
57.85 58.94
59.88 63.12
64.04 69.63
70.09 72.41
72.59 74.59
74.65 76.06
76.52 79.61
80.27 83.31
83.69 85.93
86.09 88.38
89.08 90.09
90.22 93.66
94.06 95.32
95.42 96.99
97.39 100.09
101.04 104.38
104.68 106.67
108.03 111.15
111.34 117.45
117.82 119.88
120.72 123.42
123.92 127.26
127.79 131.53
132.22 133.42
133.85 135.45
135.76 137.50
137.95 140.22
141.16 145.76
145.85 147.96
148.65 152.20
153.05 155.37
156.65 159.31
161.29 162.62
162.80 164.57
164.97 167.37
167.93 173.12
173.50 176.01
176.27 178.40
179.05 180.81
181.12 184.12
184.43 188.22
188.49 190.36
190.60 192.09
192.65 193.95
194.28 195.87
195.98 197.21
197.61 199.93
200.24 202.22
202.49 203.55
204.62 209.42
209.82 210.84
211.36 213.98
214.80 216.52
217.76 219.37
219.53 220.40
220.70 223.00
224.14 226.20
226.46 227.28
227.44 229.37
231.05 232.08
232.16 234.03
234.28 235.47
235.58 236.27
236.56 237.95
238.78 240.73
242.76 245.69
245.79 248.16
250.11 251.87
252.24 253.32
253.53 254.91
255.40 257.18
260.62 262.88
263.48 266.81
268.09 270.01
270.22 270.99
271.24 272.33
272.88 274.92
275.53 276.78
277.10 278.41
278.59 280.01
280.49 283.28
283.79 285.45
286.25 289.80
290.22 292.56
294.01 295.87
295.98 299.02
299.66 303.80