0.10 1.02
1.23 3.60
4.94 5.95
6.25 7.95
7.95 9.52
10.08 11.79
12.44 13.45
14.03 16.65
16.76 18.25
18.40 20.40
20.91 23.98
24.86 26.96
27.23 28.76
29.07 30.32
30.73 31.82
32.03 33.68
35.80 37.29
37.98 39.29
39.45 42.68
42.76 44.41
46.03 47.63
48.08 49.07
49.12 50.01
50.06 50.80
51.28 52.46
52.56 53.32
53.84 55.26
55.84 57.92
58.36 62.72
63.15 63.93
63.98 65.64
66.68 68.27
68.43 69.71
69.87 70.73
71.16 72.38
73.42 75.37
75.77 77.53
78.52 80.14
80.14 82.27
82.27 83.36
84.04 85.20
85.31 87.45
87.82 91.53
91.87 94.00
95.12 98.43
98.60 99.66
100.12 102.17
102.57 105.24
106.56 110.51
111.23 112.70
112.91 115.16
115.52 118.14
122.20 125.71
125.79 127.61
127.92 130.30
131.44 133.08
133.64 134.48
135.04 137.32
137.80 139.79
139.90 143.68
146.43 148.56
149.53 151.39
151.56 153.21
154.08 155.39
155.56 157.82
158.03 159.61
160.43 163.52
163.52 164.96
165.12 166.48
166.70 167.63
169.21 171.18
171.28 172.70
172.97 174.86
175.66 177.61
177.72 179.23
179.55 182.57
184.28 186.97
187.47 188.51
190.54 191.45
191.92 193.63
193.84 198.35
198.43 199.95
200.57 202.46
203.71 204.99
206.00 207.69
208.24 211.69
211.88 212.97
214.19 216.06
216.36 218.76
219.74 222.38
222.86 224.72
226.01 227.77
228.32 230.84
232.35 234.20
234.49 237.05
237.56 239.04
239.13 242.27
243.93 247.16
247.52 250.97
252.08 254.94
255.47 258.67
259.04 261.44
262.41 264.00
265.93 267.42
267.45 270.38
270.86 272.89
273.45 275.96
276.57 279.53
279.76 281.40