0.10 3.02
3.16 4.97
5.40 6.35
7.55 11.40
11.68 14.11
14.27 16.65
17.45 19.07
19.16 21.82
22.65 28.08
28.48 29.55
30.12 31.95
32.16 34.20
34.44 36.20
36.67 39.68
40.00 42.48
43.71 48.96
49.26 51.23
51.31 52.48
53.74 55.29
55.71 56.75
57.44 58.94
59.21 60.64
61.21 66.20
66.41 67.55
67.92 68.83
69.04 71.00
72.08 74.81
75.10 76.16
76.44 78.52
79.12 81.79
81.96 84.43
84.92 87.29
87.92 89.00
89.10 90.81
91.20 93.13
93.50 96.94
97.31 98.22
98.48 101.55
103.79 105.87
106.64 109.40
109.72 112.08
113.16 114.03
114.86 117.45
117.90 119.88
120.64 121.72
121.84 123.10
124.72 126.57
127.07 128.86
129.12 130.78
130.78 132.11
133.40 135.96
135.96 137.23
137.55 138.49
139.02 143.31
143.82 146.59
147.31 151.21
151.76 154.00
154.92 159.85
160.22 161.48
161.85 163.56
164.84 167.32
167.53 169.63
170.72 173.12
173.12 174.99
175.47 177.26
177.74 179.16
179.16 180.41
180.57 182.59
184.35 188.76
190.03 191.69
192.00 193.87
196.22 198.54
198.88 200.16
201.15 203.77
204.78 206.33
206.91 210.19
211.05 213.10
213.50 215.45
216.40 218.25
218.48 219.53
221.37 223.84
224.33 226.68
227.50 229.29
230.12 231.52
231.71 234.54
235.29 236.16
236.27 238.41
239.12 241.21
241.42 242.68
243.47 244.89
245.29 247.56
249.15 251.92
252.76 255.98
257.77 261.10
261.37 262.75
263.20 265.05
265.80 269.72