0.10 3.24
3.24 6.72
6.72 11.92
11.92 14.16
14.16 14.44
14.44 14.52
14.52 14.96
14.96 16.08
16.08 16.40
16.40 16.72
16.72 19.84
19.84 24.92
24.92 25.92
25.92 26.28
26.28 27.32
27.32 32.56
32.56 39.28
39.28 46.16
46.16 48.60
48.60 50.24
50.24 51.28
51.28 53.12
53.12 54.16
54.16 54.40
54.40 56.76
56.76 57.40
57.40 60.44
60.44 61.64
61.64 62.52
62.52 64.96
64.96 66.24
66.24 67.64
67.64 69.36
69.36 71.16
71.16 71.64
71.64 76.68
76.68 77.84
77.84 79.52
79.52 82.24
82.24 82.68
82.68 85.24
85.24 90.28
90.28 95.24
95.24 102.16
102.16 102.60
102.60 106.72
106.72 113.04
113.04 122.28
122.28 122.76
122.76 126.48
126.48 131.64
131.64 134.36
134.36 136.00
136.00 142.12
142.12 146.12
146.12 146.44
146.44 150.36
150.36 151.84
151.84 155.32
155.32 159.96
159.96 161.24
161.24 164.16
164.16 167.20
167.20 168.32
168.32 169.00
169.00 171.72
171.72 172.60
172.60 172.84
172.84 175.84
175.84 176.60
176.60 178.68
178.68 180.64
180.64 181.84
181.84 183.60
183.60 184.24
184.24 185.68
185.68 186.08
186.08 187.84
187.84 188.84
188.84 192.88
192.88 193.72
193.72 194.36
194.36 196.76
196.76 199.48
199.48 203.32
203.32 208.92
208.92 211.04
211.04 216.20
216.20 216.92
216.92 222.56
222.56 228.20
228.20 231.48
231.48 232.56
232.56 235.96
235.96 242.36
242.36 245.52
245.52 246.32
246.32 246.56
246.56 247.40
247.40 248.32
248.32 250.84
250.84 255.48
255.48 256.04
256.04 258.88
258.88 259.16
259.16 259.60
259.60 260.36
260.36 261.00
261.00 261.68
261.68 261.96
261.96 263.08
263.08 267.00
267.00 267.64
267.64 272.08
272.08 277.24
277.24 278.64
278.64 281.96
281.96 282.28
282.28 283.28
283.28 286.36
286.36 287.44
287.44 288.56
288.56 290.36
290.36 292.28
292.28 295.72
295.72 296.40
296.40 298.64
298.64 299.60
299.60 305.84
305.84 307.24
307.24 310.00
310.00 310.72
310.72 314.04
314.04 316.24
316.24 319.12
319.12 323.36
323.36 324.40
324.40 325.08
325.08 326.08
326.08 326.56
326.56 327.56
327.56 327.92
327.92 328.36
328.36 330.88
330.88 331.60
331.60 332.08
332.08 333.40
333.40 335.24
335.24 337.44
337.44 339.72
339.72 341.68
341.68 343.52
343.52 345.64
345.64 347.68
347.68 349.96
349.96 351.80
351.80 353.72
353.72 355.40
355.40 357.76
357.76 359.88
359.88 360.68
360.68 361.00
361.00 361.24
361.24 363.80
363.80 368.88
368.88 369.96
369.96 370.88
370.88 376.84
