0.10 3.00
3.00 6.68
6.68 13.56
13.56 15.96
15.96 16.36
16.36 17.56
17.56 18.44
18.44 18.72
18.72 19.88
19.88 22.92
22.92 23.28
23.28 23.80
23.80 27.44
27.44 28.32
28.32 29.56
29.56 31.68
31.68 33.36
33.36 36.96
36.96 37.64
37.64 38.20
38.20 38.64
38.64 39.44
39.44 40.32
40.32 40.92
40.92 47.24
47.24 48.76
48.76 49.32
49.32 55.68
55.68 56.80
56.80 57.64
57.64 60.40
60.40 61.96
61.96 62.64
62.64 66.48
66.48 67.40
67.40 69.44
69.44 71.44
71.44 74.08
74.08 75.12
75.12 82.48
82.48 82.68
82.68 83.92
83.92 84.24
84.24 85.48
85.48 86.04
86.04 89.20
89.20 89.60
89.60 90.16
90.16 92.04
92.04 92.24
92.24 95.28
95.28 98.20
98.20 100.88
100.88 102.68
102.68 103.56
103.56 106.08
106.08 106.64
106.64 110.40
110.40 115.56
115.56 118.52
118.52 118.84
118.84 119.12
119.12 120.88
120.88 122.48
122.48 123.04
123.04 124.72
124.72 125.56
125.56 127.32
127.32 129.68
129.68 130.00
130.00 130.40
130.40 130.72
130.72 131.28
131.28 131.80
131.80 132.36
132.36 133.04
133.04 136.56
136.56 139.12
139.12 141.56
141.56 142.28
142.28 144.48
144.48 149.64
149.64 150.44
150.44 154.48
154.48 157.24
157.24 160.32
160.32 161.64
161.64 163.16
163.16 169.12
169.12 169.72
169.72 170.84
170.84 171.68
171.68 176.84
176.84 180.04
180.04 182.76
182.76 184.40
184.40 190.20
190.20 193.08
193.08 193.88
193.88 195.04
195.04 196.08
196.08 196.84
196.84 197.60
197.60 198.72
198.72 199.48
199.48 201.96
201.96 202.32
202.32 207.24
207.24 207.68
207.68 211.40
211.40 211.56
211.56 212.08
212.08 212.48
212.48 212.72
212.72 213.12
213.12 214.96
214.96 215.56
215.56 218.28
218.28 220.08
220.08 220.36
220.36 220.44
220.44 223.56
223.56 225.76
225.76 227.24
227.24 228.56
228.56 229.12
229.12 230.20
230.20 231.32
231.32 234.48
234.48 235.20
235.20 235.20
235.20 236.84
236.84 238.28
238.28 239.20
239.20 242.44
242.44 245.08
245.08 246.56
246.56 246.84
246.84 247.08
247.08 247.60
247.60 248.28
248.28 251.00
251.00 253.08
253.08 254.16
254.16 255.92
255.92 256.68
256.68 258.44
258.44 260.04
260.04 260.68
260.68 266.92
266.92 267.32
267.32 267.96
267.96 268.36
268.36 271.32
271.32 279.36
279.36 283.52
283.52 285.64
285.64 286.36
286.36 295.84
295.84 301.80
301.80 304.04
304.04 304.60
304.60 305.88
305.88 306.56
306.56 308.08
308.08 308.44
308.44 310.92
310.92 315.44
315.44 315.92
315.92 317.96
317.96 319.84
319.84 321.40
321.40 324.92
324.92 326.48
326.48 326.88
326.88 328.08
328.08 330.80
330.80 335.08
335.08 335.80
335.80 336.24
336.24 337.60
337.60 337.92
337.92 338.32
338.32	338.52
338.52	339.84
339.84	341.68
341.68	344.44
344.44	346.24
346.24	348.28
348.28	350.48
350.48	352.88
352.88	355.28
355.28	357.48
357.48	358.96
358.96	360.24
360.24	363.72
363.72	367.08
367.08	372.08
372.08	372.96
372.96	374.12
374.12	380.08
