0.20 1.39
2.50 4.88
6.57 7.07
8.25 10.91
11.15 12.87
14.82 15.31
16.24 18.29
18.82 20.11
22.40 22.95
23.84 26.02
26.68 28.46
29.50 30.07
31.29 33.05
33.77 35.73
38.36 39.17
39.96 42.22
42.77 43.32
45.33 46.01
46.92 49.36
49.68 51.37
53.34 54.01
54.95 57.68
58.14 60.02
62.09 62.67
63.68 66.56
66.61 67.60
69.09 69.86
70.77 73.28
73.64 74.28
74.64 75.28
75.51 76.29
76.52 77.76
79.87 80.44
81.43 84.87
85.16 85.90
87.58 88.26
89.32 92.23
92.58 93.31
95.04 95.64
96.89 99.84
100.33 102.71
104.46 105.20
106.25 109.29
109.59 111.55
113.66 114.38
115.30 117.29
117.50 119.04
120.74 121.48
122.43 125.21
125.71 126.25
128.57 129.30
130.49 133.05
133.41 134.12
