0.18 2.42
4.05 4.79
5.73 6.86
14.09 17.62
17.51 22.45
22.61 23.59
24.32 26.29
27.37 28.67
28.83 31.25
32.15 33.54
33.95 36.18
37.22 38.78
40.15 42.29
43.43 44.75
45.22 46.10
47.13 48.37
48.72 51.16
52.28 55.90
56.10 56.71
57.89 61.68
62.01 62.90
64.28 67.00
67.69 69.92
70.99 73.66
74.59 76.10
77.56 78.71
78.99 80.04
80.94 81.99
82.18 82.98
83.57 85.15
85.94 87.85
88.47 89.21
90.06 92.27
93.48 95.12
95.50 96.45
97.57 100.25
101.00 103.81
104.00 105.23
105.63 107.31
108.00 109.48
110.20 111.07
111.37 112.81
113.31 116.06
117.62 119.05
119.49 120.78
121.76 123.51
123.96 124.83
125.82 127.14
127.45 128.32
129.22 131.10
131.30 135.47
136.65 137.64
137.95 139.15
139.39 141.09
141.58 143.70
144.84 148.40
148.86 150.37
151.39 152.15
152.48 153.34
154.36 156.03
156.72 166.83
