0.17 2.46
3.79 4.64
5.30 7.64
8.37 15.74
15.99 18.62
19.53 21.47
21.69 24.68
24.75 25.81
26.28 27.64
28.00 30.10
30.49 31.68
32.18 34.56
35.80 38.59
39.71 40.98
41.45 42.96
43.90 44.63
44.90 45.90
46.68 48.24
48.51 50.71
51.51 53.49
53.81 56.13
57.05 57.91
58.09 59.15
59.69 60.54
60.96 62.40
63.09 64.42
64.80 66.62
67.64 68.60
69.06 70.42
71.52 72.34
72.60 73.66
74.49 76.27
76.66 79.14
79.95 83.36
83.66 86.32
86.87 89.91
91.28 92.39
92.55 95.09
96.03 100.32
101.03 104.84
105.84 108.53
109.49 110.63
111.56 113.85
113.88 116.36
116.53 118.17
119.08 120.51
120.60 121.69
122.25 124.47
125.26 126.86
127.14 128.48
129.25 131.27
131.77 133.61
133.96 136.12
136.94 139.11
139.42 141.40
141.72 143.52
143.86 145.71
147.16 149.17
149.64 150.56
151.01 154.09
154.41 156.42
157.27 159.58
160.10 161.64
162.15 163.62
